

# 4,2
2 [0] [3] [1, 2]


# 6,3
6 [0] [5] [1, 2, 3, 4]
2 [3, 0, 1] [5] [2, 4]
2 [0] [4, 5, 2] [1, 3]


# 8,4
20 [0] [7] [1, 2, 3, 4, 5, 6]
6 [4, 0, 1] [7] [2, 3, 5, 6]
6 [0] [6, 7, 3] [1, 2, 4, 5]
2 [4, 5, 0, 1, 2] [7] [3, 6]
2 [4, 0, 5, 1, 2] [7] [3, 6]
2 [4, 0, 1] [6, 7, 3] [2, 5]
2 [0] [5, 6, 7, 2, 3] [1, 4]
2 [0] [5, 6, 2, 7, 3] [1, 4]


# 10,5
70 [0] [9] [1, 2, 3, 4, 5, 6, 7, 8]
20 [5, 0, 1] [9] [2, 3, 4, 6, 7, 8]
20 [0] [8, 9, 4] [1, 2, 3, 5, 6, 7]
6 [5, 6, 0, 1, 2] [9] [3, 4, 7, 8]
6 [5, 0, 6, 1, 2] [9] [3, 4, 7, 8]
6 [5, 0, 1] [8, 9, 4] [2, 3, 6, 7]
6 [0] [7, 8, 9, 3, 4] [1, 2, 5, 6]
6 [0] [7, 8, 3, 9, 4] [1, 2, 5, 6]
2 [5, 6, 7, 0, 1, 2, 3] [9] [4, 8]
2 [5, 6, 0, 7, 1, 2, 3] [9] [4, 8]
2 [5, 6, 0, 1, 7, 2, 3] [9] [4, 8]
2 [5, 6, 0, 1, 2] [8, 9, 4] [3, 7]
2 [5, 0, 6, 7, 1, 2, 3] [9] [4, 8]
2 [5, 0, 6, 1, 7, 2, 3] [9] [4, 8]
2 [5, 0, 6, 1, 2] [8, 9, 4] [3, 7]
2 [5, 0, 1] [7, 8, 9, 3, 4] [2, 6]
2 [5, 0, 1] [7, 8, 3, 9, 4] [2, 6]
2 [0] [6, 7, 8, 9, 2, 3, 4] [1, 5]
2 [0] [6, 7, 8, 2, 9, 3, 4] [1, 5]
2 [0] [6, 7, 8, 2, 3, 9, 4] [1, 5]
2 [0] [6, 7, 2, 8, 9, 3, 4] [1, 5]
2 [0] [6, 7, 2, 8, 3, 9, 4] [1, 5]


# 12,6
252 [0] [11] [1, 2, 3, 4, 5, 6, 7, 8, 9, 10]
70 [6, 0, 1] [11] [2, 3, 4, 5, 7, 8, 9, 10]
70 [0] [10, 11, 5] [1, 2, 3, 4, 6, 7, 8, 9]
20 [6, 7, 0, 1, 2] [11] [3, 4, 5, 8, 9, 10]
20 [6, 0, 7, 1, 2] [11] [3, 4, 5, 8, 9, 10]
20 [6, 0, 1] [10, 11, 5] [2, 3, 4, 7, 8, 9]
20 [0] [9, 10, 11, 4, 5] [1, 2, 3, 6, 7, 8]
20 [0] [9, 10, 4, 11, 5] [1, 2, 3, 6, 7, 8]
6 [6, 7, 8, 0, 1, 2, 3] [11] [4, 5, 9, 10]
6 [6, 7, 0, 8, 1, 2, 3] [11] [4, 5, 9, 10]
6 [6, 7, 0, 1, 8, 2, 3] [11] [4, 5, 9, 10]
6 [6, 7, 0, 1, 2] [10, 11, 5] [3, 4, 8, 9]
6 [6, 0, 7, 8, 1, 2, 3] [11] [4, 5, 9, 10]
6 [6, 0, 7, 1, 8, 2, 3] [11] [4, 5, 9, 10]
6 [6, 0, 7, 1, 2] [10, 11, 5] [3, 4, 8, 9]
6 [6, 0, 1] [9, 10, 11, 4, 5] [2, 3, 7, 8]
6 [6, 0, 1] [9, 10, 4, 11, 5] [2, 3, 7, 8]
6 [0] [8, 9, 10, 11, 3, 4, 5] [1, 2, 6, 7]
6 [0] [8, 9, 10, 3, 11, 4, 5] [1, 2, 6, 7]
6 [0] [8, 9, 10, 3, 4, 11, 5] [1, 2, 6, 7]
6 [0] [8, 9, 3, 10, 11, 4, 5] [1, 2, 6, 7]
6 [0] [8, 9, 3, 10, 4, 11, 5] [1, 2, 6, 7]
2 [6, 7, 8, 9, 0, 1, 2, 3, 4] [11] [5, 10]
2 [6, 7, 8, 0, 9, 1, 2, 3, 4] [11] [5, 10]
2 [6, 7, 8, 0, 1, 9, 2, 3, 4] [11] [5, 10]
2 [6, 7, 8, 0, 1, 2, 9, 3, 4] [11] [5, 10]
2 [6, 7, 8, 0, 1, 2, 3] [10, 11, 5] [4, 9]
2 [6, 7, 0, 8, 9, 1, 2, 3, 4] [11] [5, 10]
2 [6, 7, 0, 8, 1, 9, 2, 3, 4] [11] [5, 10]
2 [6, 7, 0, 8, 1, 2, 9, 3, 4] [11] [5, 10]
2 [6, 7, 0, 8, 1, 2, 3] [10, 11, 5] [4, 9]
2 [6, 7, 0, 1, 8, 9, 2, 3, 4] [11] [5, 10]
2 [6, 7, 0, 1, 8, 2, 9, 3, 4] [11] [5, 10]
2 [6, 7, 0, 1, 8, 2, 3] [10, 11, 5] [4, 9]
2 [6, 7, 0, 1, 2] [9, 10, 11, 4, 5] [3, 8]
2 [6, 7, 0, 1, 2] [9, 10, 4, 11, 5] [3, 8]
2 [6, 0, 7, 8, 9, 1, 2, 3, 4] [11] [5, 10]
2 [6, 0, 7, 8, 1, 9, 2, 3, 4] [11] [5, 10]
2 [6, 0, 7, 8, 1, 2, 9, 3, 4] [11] [5, 10]
2 [6, 0, 7, 8, 1, 2, 3] [10, 11, 5] [4, 9]
2 [6, 0, 7, 1, 8, 9, 2, 3, 4] [11] [5, 10]
2 [6, 0, 7, 1, 8, 2, 9, 3, 4] [11] [5, 10]
2 [6, 0, 7, 1, 8, 2, 3] [10, 11, 5] [4, 9]
2 [6, 0, 7, 1, 2] [9, 10, 11, 4, 5] [3, 8]
2 [6, 0, 7, 1, 2] [9, 10, 4, 11, 5] [3, 8]
2 [6, 0, 1] [8, 9, 10, 11, 3, 4, 5] [2, 7]
2 [6, 0, 1] [8, 9, 10, 3, 11, 4, 5] [2, 7]
2 [6, 0, 1] [8, 9, 10, 3, 4, 11, 5] [2, 7]
2 [6, 0, 1] [8, 9, 3, 10, 11, 4, 5] [2, 7]
2 [6, 0, 1] [8, 9, 3, 10, 4, 11, 5] [2, 7]
2 [0] [7, 8, 9, 10, 11, 2, 3, 4, 5] [1, 6]
2 [0] [7, 8, 9, 10, 2, 11, 3, 4, 5] [1, 6]
2 [0] [7, 8, 9, 10, 2, 3, 11, 4, 5] [1, 6]
2 [0] [7, 8, 9, 10, 2, 3, 4, 11, 5] [1, 6]
2 [0] [7, 8, 9, 2, 10, 11, 3, 4, 5] [1, 6]
2 [0] [7, 8, 9, 2, 10, 3, 11, 4, 5] [1, 6]
2 [0] [7, 8, 9, 2, 10, 3, 4, 11, 5] [1, 6]
2 [0] [7, 8, 9, 2, 3, 10, 11, 4, 5] [1, 6]
2 [0] [7, 8, 9, 2, 3, 10, 4, 11, 5] [1, 6]
2 [0] [7, 8, 2, 9, 10, 11, 3, 4, 5] [1, 6]
2 [0] [7, 8, 2, 9, 10, 3, 11, 4, 5] [1, 6]
2 [0] [7, 8, 2, 9, 10, 3, 4, 11, 5] [1, 6]
2 [0] [7, 8, 2, 9, 3, 10, 11, 4, 5] [1, 6]
2 [0] [7, 8, 2, 9, 3, 10, 4, 11, 5] [1, 6]


# 14,7
924 [0] [13] [1, 2, 3, 4, 5, 6, 7, 8, 9, 10, 11, 12]
252 [7, 0, 1] [13] [2, 3, 4, 5, 6, 8, 9, 10, 11, 12]
252 [0] [12, 13, 6] [1, 2, 3, 4, 5, 7, 8, 9, 10, 11]
70 [7, 8, 0, 1, 2] [13] [3, 4, 5, 6, 9, 10, 11, 12]
70 [7, 0, 8, 1, 2] [13] [3, 4, 5, 6, 9, 10, 11, 12]
70 [7, 0, 1] [12, 13, 6] [2, 3, 4, 5, 8, 9, 10, 11]
70 [0] [11, 12, 13, 5, 6] [1, 2, 3, 4, 7, 8, 9, 10]
70 [0] [11, 12, 5, 13, 6] [1, 2, 3, 4, 7, 8, 9, 10]
20 [7, 8, 9, 0, 1, 2, 3] [13] [4, 5, 6, 10, 11, 12]
20 [7, 8, 0, 9, 1, 2, 3] [13] [4, 5, 6, 10, 11, 12]
20 [7, 8, 0, 1, 9, 2, 3] [13] [4, 5, 6, 10, 11, 12]
20 [7, 8, 0, 1, 2] [12, 13, 6] [3, 4, 5, 9, 10, 11]
20 [7, 0, 8, 9, 1, 2, 3] [13] [4, 5, 6, 10, 11, 12]
20 [7, 0, 8, 1, 9, 2, 3] [13] [4, 5, 6, 10, 11, 12]
20 [7, 0, 8, 1, 2] [12, 13, 6] [3, 4, 5, 9, 10, 11]
20 [7, 0, 1] [11, 12, 13, 5, 6] [2, 3, 4, 8, 9, 10]
20 [7, 0, 1] [11, 12, 5, 13, 6] [2, 3, 4, 8, 9, 10]
20 [0] [10, 11, 12, 13, 4, 5, 6] [1, 2, 3, 7, 8, 9]
20 [0] [10, 11, 12, 4, 13, 5, 6] [1, 2, 3, 7, 8, 9]
20 [0] [10, 11, 12, 4, 5, 13, 6] [1, 2, 3, 7, 8, 9]
20 [0] [10, 11, 4, 12, 13, 5, 6] [1, 2, 3, 7, 8, 9]
20 [0] [10, 11, 4, 12, 5, 13, 6] [1, 2, 3, 7, 8, 9]
6 [7, 8, 9, 10, 0, 1, 2, 3, 4] [13] [5, 6, 11, 12]
6 [7, 8, 9, 0, 10, 1, 2, 3, 4] [13] [5, 6, 11, 12]
6 [7, 8, 9, 0, 1, 10, 2, 3, 4] [13] [5, 6, 11, 12]
6 [7, 8, 9, 0, 1, 2, 10, 3, 4] [13] [5, 6, 11, 12]
6 [7, 8, 9, 0, 1, 2, 3] [12, 13, 6] [4, 5, 10, 11]
6 [7, 8, 0, 9, 10, 1, 2, 3, 4] [13] [5, 6, 11, 12]
6 [7, 8, 0, 9, 1, 10, 2, 3, 4] [13] [5, 6, 11, 12]
6 [7, 8, 0, 9, 1, 2, 10, 3, 4] [13] [5, 6, 11, 12]
6 [7, 8, 0, 9, 1, 2, 3] [12, 13, 6] [4, 5, 10, 11]
6 [7, 8, 0, 1, 9, 10, 2, 3, 4] [13] [5, 6, 11, 12]
6 [7, 8, 0, 1, 9, 2, 10, 3, 4] [13] [5, 6, 11, 12]
6 [7, 8, 0, 1, 9, 2, 3] [12, 13, 6] [4, 5, 10, 11]
6 [7, 8, 0, 1, 2] [11, 12, 13, 5, 6] [3, 4, 9, 10]
6 [7, 8, 0, 1, 2] [11, 12, 5, 13, 6] [3, 4, 9, 10]
6 [7, 0, 8, 9, 10, 1, 2, 3, 4] [13] [5, 6, 11, 12]
6 [7, 0, 8, 9, 1, 10, 2, 3, 4] [13] [5, 6, 11, 12]
6 [7, 0, 8, 9, 1, 2, 10, 3, 4] [13] [5, 6, 11, 12]
6 [7, 0, 8, 9, 1, 2, 3] [12, 13, 6] [4, 5, 10, 11]
6 [7, 0, 8, 1, 9, 10, 2, 3, 4] [13] [5, 6, 11, 12]
6 [7, 0, 8, 1, 9, 2, 10, 3, 4] [13] [5, 6, 11, 12]
6 [7, 0, 8, 1, 9, 2, 3] [12, 13, 6] [4, 5, 10, 11]
6 [7, 0, 8, 1, 2] [11, 12, 13, 5, 6] [3, 4, 9, 10]
6 [7, 0, 8, 1, 2] [11, 12, 5, 13, 6] [3, 4, 9, 10]
6 [7, 0, 1] [10, 11, 12, 13, 4, 5, 6] [2, 3, 8, 9]
6 [7, 0, 1] [10, 11, 12, 4, 13, 5, 6] [2, 3, 8, 9]
6 [7, 0, 1] [10, 11, 12, 4, 5, 13, 6] [2, 3, 8, 9]
6 [7, 0, 1] [10, 11, 4, 12, 13, 5, 6] [2, 3, 8, 9]
6 [7, 0, 1] [10, 11, 4, 12, 5, 13, 6] [2, 3, 8, 9]
6 [0] [9, 10, 11, 12, 13, 3, 4, 5, 6] [1, 2, 7, 8]
6 [0] [9, 10, 11, 12, 3, 13, 4, 5, 6] [1, 2, 7, 8]
6 [0] [9, 10, 11, 12, 3, 4, 13, 5, 6] [1, 2, 7, 8]
6 [0] [9, 10, 11, 12, 3, 4, 5, 13, 6] [1, 2, 7, 8]
6 [0] [9, 10, 11, 3, 12, 13, 4, 5, 6] [1, 2, 7, 8]
6 [0] [9, 10, 11, 3, 12, 4, 13, 5, 6] [1, 2, 7, 8]
6 [0] [9, 10, 11, 3, 12, 4, 5, 13, 6] [1, 2, 7, 8]
6 [0] [9, 10, 11, 3, 4, 12, 13, 5, 6] [1, 2, 7, 8]
6 [0] [9, 10, 11, 3, 4, 12, 5, 13, 6] [1, 2, 7, 8]
6 [0] [9, 10, 3, 11, 12, 13, 4, 5, 6] [1, 2, 7, 8]
6 [0] [9, 10, 3, 11, 12, 4, 13, 5, 6] [1, 2, 7, 8]
6 [0] [9, 10, 3, 11, 12, 4, 5, 13, 6] [1, 2, 7, 8]
6 [0] [9, 10, 3, 11, 4, 12, 13, 5, 6] [1, 2, 7, 8]
6 [0] [9, 10, 3, 11, 4, 12, 5, 13, 6] [1, 2, 7, 8]
2 [7, 8, 9, 10, 11, 0, 1, 2, 3, 4, 5] [13] [6, 12]
2 [7, 8, 9, 10, 0, 11, 1, 2, 3, 4, 5] [13] [6, 12]
2 [7, 8, 9, 10, 0, 1, 11, 2, 3, 4, 5] [13] [6, 12]
2 [7, 8, 9, 10, 0, 1, 2, 11, 3, 4, 5] [13] [6, 12]
2 [7, 8, 9, 10, 0, 1, 2, 3, 11, 4, 5] [13] [6, 12]
2 [7, 8, 9, 10, 0, 1, 2, 3, 4] [12, 13, 6] [5, 11]
2 [7, 8, 9, 0, 10, 11, 1, 2, 3, 4, 5] [13] [6, 12]
2 [7, 8, 9, 0, 10, 1, 11, 2, 3, 4, 5] [13] [6, 12]
2 [7, 8, 9, 0, 10, 1, 2, 11, 3, 4, 5] [13] [6, 12]
2 [7, 8, 9, 0, 10, 1, 2, 3, 11, 4, 5] [13] [6, 12]
2 [7, 8, 9, 0, 10, 1, 2, 3, 4] [12, 13, 6] [5, 11]
2 [7, 8, 9, 0, 1, 10, 11, 2, 3, 4, 5] [13] [6, 12]
2 [7, 8, 9, 0, 1, 10, 2, 11, 3, 4, 5] [13] [6, 12]
2 [7, 8, 9, 0, 1, 10, 2, 3, 11, 4, 5] [13] [6, 12]
2 [7, 8, 9, 0, 1, 10, 2, 3, 4] [12, 13, 6] [5, 11]
2 [7, 8, 9, 0, 1, 2, 10, 11, 3, 4, 5] [13] [6, 12]
2 [7, 8, 9, 0, 1, 2, 10, 3, 11, 4, 5] [13] [6, 12]
2 [7, 8, 9, 0, 1, 2, 10, 3, 4] [12, 13, 6] [5, 11]
2 [7, 8, 9, 0, 1, 2, 3] [11, 12, 13, 5, 6] [4, 10]
2 [7, 8, 9, 0, 1, 2, 3] [11, 12, 5, 13, 6] [4, 10]
2 [7, 8, 0, 9, 10, 11, 1, 2, 3, 4, 5] [13] [6, 12]
2 [7, 8, 0, 9, 10, 1, 11, 2, 3, 4, 5] [13] [6, 12]
2 [7, 8, 0, 9, 10, 1, 2, 11, 3, 4, 5] [13] [6, 12]
2 [7, 8, 0, 9, 10, 1, 2, 3, 11, 4, 5] [13] [6, 12]
2 [7, 8, 0, 9, 10, 1, 2, 3, 4] [12, 13, 6] [5, 11]
2 [7, 8, 0, 9, 1, 10, 11, 2, 3, 4, 5] [13] [6, 12]
2 [7, 8, 0, 9, 1, 10, 2, 11, 3, 4, 5] [13] [6, 12]
2 [7, 8, 0, 9, 1, 10, 2, 3, 11, 4, 5] [13] [6, 12]
2 [7, 8, 0, 9, 1, 10, 2, 3, 4] [12, 13, 6] [5, 11]
2 [7, 8, 0, 9, 1, 2, 10, 11, 3, 4, 5] [13] [6, 12]
2 [7, 8, 0, 9, 1, 2, 10, 3, 11, 4, 5] [13] [6, 12]
2 [7, 8, 0, 9, 1, 2, 10, 3, 4] [12, 13, 6] [5, 11]
2 [7, 8, 0, 9, 1, 2, 3] [11, 12, 13, 5, 6] [4, 10]
2 [7, 8, 0, 9, 1, 2, 3] [11, 12, 5, 13, 6] [4, 10]
2 [7, 8, 0, 1, 9, 10, 11, 2, 3, 4, 5] [13] [6, 12]
2 [7, 8, 0, 1, 9, 10, 2, 11, 3, 4, 5] [13] [6, 12]
2 [7, 8, 0, 1, 9, 10, 2, 3, 11, 4, 5] [13] [6, 12]
2 [7, 8, 0, 1, 9, 10, 2, 3, 4] [12, 13, 6] [5, 11]
2 [7, 8, 0, 1, 9, 2, 10, 11, 3, 4, 5] [13] [6, 12]
2 [7, 8, 0, 1, 9, 2, 10, 3, 11, 4, 5] [13] [6, 12]
2 [7, 8, 0, 1, 9, 2, 10, 3, 4] [12, 13, 6] [5, 11]
2 [7, 8, 0, 1, 9, 2, 3] [11, 12, 13, 5, 6] [4, 10]
2 [7, 8, 0, 1, 9, 2, 3] [11, 12, 5, 13, 6] [4, 10]
2 [7, 8, 0, 1, 2] [10, 11, 12, 13, 4, 5, 6] [3, 9]
2 [7, 8, 0, 1, 2] [10, 11, 12, 4, 13, 5, 6] [3, 9]
2 [7, 8, 0, 1, 2] [10, 11, 12, 4, 5, 13, 6] [3, 9]
2 [7, 8, 0, 1, 2] [10, 11, 4, 12, 13, 5, 6] [3, 9]
2 [7, 8, 0, 1, 2] [10, 11, 4, 12, 5, 13, 6] [3, 9]
2 [7, 0, 8, 9, 10, 11, 1, 2, 3, 4, 5] [13] [6, 12]
2 [7, 0, 8, 9, 10, 1, 11, 2, 3, 4, 5] [13] [6, 12]
2 [7, 0, 8, 9, 10, 1, 2, 11, 3, 4, 5] [13] [6, 12]
2 [7, 0, 8, 9, 10, 1, 2, 3, 11, 4, 5] [13] [6, 12]
2 [7, 0, 8, 9, 10, 1, 2, 3, 4] [12, 13, 6] [5, 11]
2 [7, 0, 8, 9, 1, 10, 11, 2, 3, 4, 5] [13] [6, 12]
2 [7, 0, 8, 9, 1, 10, 2, 11, 3, 4, 5] [13] [6, 12]
2 [7, 0, 8, 9, 1, 10, 2, 3, 11, 4, 5] [13] [6, 12]
2 [7, 0, 8, 9, 1, 10, 2, 3, 4] [12, 13, 6] [5, 11]
2 [7, 0, 8, 9, 1, 2, 10, 11, 3, 4, 5] [13] [6, 12]
2 [7, 0, 8, 9, 1, 2, 10, 3, 11, 4, 5] [13] [6, 12]
2 [7, 0, 8, 9, 1, 2, 10, 3, 4] [12, 13, 6] [5, 11]
2 [7, 0, 8, 9, 1, 2, 3] [11, 12, 13, 5, 6] [4, 10]
2 [7, 0, 8, 9, 1, 2, 3] [11, 12, 5, 13, 6] [4, 10]
2 [7, 0, 8, 1, 9, 10, 11, 2, 3, 4, 5] [13] [6, 12]
2 [7, 0, 8, 1, 9, 10, 2, 11, 3, 4, 5] [13] [6, 12]
2 [7, 0, 8, 1, 9, 10, 2, 3, 11, 4, 5] [13] [6, 12]
2 [7, 0, 8, 1, 9, 10, 2, 3, 4] [12, 13, 6] [5, 11]
2 [7, 0, 8, 1, 9, 2, 10, 11, 3, 4, 5] [13] [6, 12]
2 [7, 0, 8, 1, 9, 2, 10, 3, 11, 4, 5] [13] [6, 12]
2 [7, 0, 8, 1, 9, 2, 10, 3, 4] [12, 13, 6] [5, 11]
2 [7, 0, 8, 1, 9, 2, 3] [11, 12, 13, 5, 6] [4, 10]
2 [7, 0, 8, 1, 9, 2, 3] [11, 12, 5, 13, 6] [4, 10]
2 [7, 0, 8, 1, 2] [10, 11, 12, 13, 4, 5, 6] [3, 9]
2 [7, 0, 8, 1, 2] [10, 11, 12, 4, 13, 5, 6] [3, 9]
2 [7, 0, 8, 1, 2] [10, 11, 12, 4, 5, 13, 6] [3, 9]
2 [7, 0, 8, 1, 2] [10, 11, 4, 12, 13, 5, 6] [3, 9]
2 [7, 0, 8, 1, 2] [10, 11, 4, 12, 5, 13, 6] [3, 9]
2 [7, 0, 1] [9, 10, 11, 12, 13, 3, 4, 5, 6] [2, 8]
2 [7, 0, 1] [9, 10, 11, 12, 3, 13, 4, 5, 6] [2, 8]
2 [7, 0, 1] [9, 10, 11, 12, 3, 4, 13, 5, 6] [2, 8]
2 [7, 0, 1] [9, 10, 11, 12, 3, 4, 5, 13, 6] [2, 8]
2 [7, 0, 1] [9, 10, 11, 3, 12, 13, 4, 5, 6] [2, 8]
2 [7, 0, 1] [9, 10, 11, 3, 12, 4, 13, 5, 6] [2, 8]
2 [7, 0, 1] [9, 10, 11, 3, 12, 4, 5, 13, 6] [2, 8]
2 [7, 0, 1] [9, 10, 11, 3, 4, 12, 13, 5, 6] [2, 8]
2 [7, 0, 1] [9, 10, 11, 3, 4, 12, 5, 13, 6] [2, 8]
2 [7, 0, 1] [9, 10, 3, 11, 12, 13, 4, 5, 6] [2, 8]
2 [7, 0, 1] [9, 10, 3, 11, 12, 4, 13, 5, 6] [2, 8]
2 [7, 0, 1] [9, 10, 3, 11, 12, 4, 5, 13, 6] [2, 8]
2 [7, 0, 1] [9, 10, 3, 11, 4, 12, 13, 5, 6] [2, 8]
2 [7, 0, 1] [9, 10, 3, 11, 4, 12, 5, 13, 6] [2, 8]
2 [0] [8, 9, 10, 11, 12, 13, 2, 3, 4, 5, 6] [1, 7]
2 [0] [8, 9, 10, 11, 12, 2, 13, 3, 4, 5, 6] [1, 7]
2 [0] [8, 9, 10, 11, 12, 2, 3, 13, 4, 5, 6] [1, 7]
2 [0] [8, 9, 10, 11, 12, 2, 3, 4, 13, 5, 6] [1, 7]
2 [0] [8, 9, 10, 11, 12, 2, 3, 4, 5, 13, 6] [1, 7]
2 [0] [8, 9, 10, 11, 2, 12, 13, 3, 4, 5, 6] [1, 7]
2 [0] [8, 9, 10, 11, 2, 12, 3, 13, 4, 5, 6] [1, 7]
2 [0] [8, 9, 10, 11, 2, 12, 3, 4, 13, 5, 6] [1, 7]
2 [0] [8, 9, 10, 11, 2, 12, 3, 4, 5, 13, 6] [1, 7]
2 [0] [8, 9, 10, 11, 2, 3, 12, 13, 4, 5, 6] [1, 7]
2 [0] [8, 9, 10, 11, 2, 3, 12, 4, 13, 5, 6] [1, 7]
2 [0] [8, 9, 10, 11, 2, 3, 12, 4, 5, 13, 6] [1, 7]
2 [0] [8, 9, 10, 11, 2, 3, 4, 12, 13, 5, 6] [1, 7]
2 [0] [8, 9, 10, 11, 2, 3, 4, 12, 5, 13, 6] [1, 7]
2 [0] [8, 9, 10, 2, 11, 12, 13, 3, 4, 5, 6] [1, 7]
2 [0] [8, 9, 10, 2, 11, 12, 3, 13, 4, 5, 6] [1, 7]
2 [0] [8, 9, 10, 2, 11, 12, 3, 4, 13, 5, 6] [1, 7]
2 [0] [8, 9, 10, 2, 11, 12, 3, 4, 5, 13, 6] [1, 7]
2 [0] [8, 9, 10, 2, 11, 3, 12, 13, 4, 5, 6] [1, 7]
2 [0] [8, 9, 10, 2, 11, 3, 12, 4, 13, 5, 6] [1, 7]
2 [0] [8, 9, 10, 2, 11, 3, 12, 4, 5, 13, 6] [1, 7]
2 [0] [8, 9, 10, 2, 11, 3, 4, 12, 13, 5, 6] [1, 7]
2 [0] [8, 9, 10, 2, 11, 3, 4, 12, 5, 13, 6] [1, 7]
2 [0] [8, 9, 10, 2, 3, 11, 12, 13, 4, 5, 6] [1, 7]
2 [0] [8, 9, 10, 2, 3, 11, 12, 4, 13, 5, 6] [1, 7]
2 [0] [8, 9, 10, 2, 3, 11, 12, 4, 5, 13, 6] [1, 7]
2 [0] [8, 9, 10, 2, 3, 11, 4, 12, 13, 5, 6] [1, 7]
2 [0] [8, 9, 10, 2, 3, 11, 4, 12, 5, 13, 6] [1, 7]
2 [0] [8, 9, 2, 10, 11, 12, 13, 3, 4, 5, 6] [1, 7]
2 [0] [8, 9, 2, 10, 11, 12, 3, 13, 4, 5, 6] [1, 7]
2 [0] [8, 9, 2, 10, 11, 12, 3, 4, 13, 5, 6] [1, 7]
2 [0] [8, 9, 2, 10, 11, 12, 3, 4, 5, 13, 6] [1, 7]
2 [0] [8, 9, 2, 10, 11, 3, 12, 13, 4, 5, 6] [1, 7]
2 [0] [8, 9, 2, 10, 11, 3, 12, 4, 13, 5, 6] [1, 7]
2 [0] [8, 9, 2, 10, 11, 3, 12, 4, 5, 13, 6] [1, 7]
2 [0] [8, 9, 2, 10, 11, 3, 4, 12, 13, 5, 6] [1, 7]
2 [0] [8, 9, 2, 10, 11, 3, 4, 12, 5, 13, 6] [1, 7]
2 [0] [8, 9, 2, 10, 3, 11, 12, 13, 4, 5, 6] [1, 7]
2 [0] [8, 9, 2, 10, 3, 11, 12, 4, 13, 5, 6] [1, 7]
2 [0] [8, 9, 2, 10, 3, 11, 12, 4, 5, 13, 6] [1, 7]
2 [0] [8, 9, 2, 10, 3, 11, 4, 12, 13, 5, 6] [1, 7]
2 [0] [8, 9, 2, 10, 3, 11, 4, 12, 5, 13, 6] [1, 7]
