32 1 2 3 4 5 6 7 8 9 10 11 12 13 14 15 16 17 18 19 20 21 22 23 24 25 26 27 28 29 30 31 0
1 0 19 6 30 11 3 28 23 21 17 5 20 24 15 14 25 10 31 2 12 9 26 8 13 16 32 29 7 27 4 18 22
2 19 32 20 7 31 12 4 29 24 22 18 6 21 25 16 15 26 11 1 3 13 10 27 9 14 17 23 30 8 28 5 0
32 23 29 5 14 3 11 25 0 26 13 6 18 10 4 30 28 24 12 27 31 22 21 1 17 7 9 19 16 2 15 20 8
9 21 24 30 6 15 4 12 26 0 27 14 7 19 11 5 31 29 25 13 28 1 23 22 2 18 32 10 20 17 3 16 8
10 17 32 25 31 7 16 5 13 27 0 28 15 8 20 12 6 1 30 26 14 29 2 24 23 3 19 9 11 21 18 4 22
13 24 32 7 20 25 28 3 10 19 8 16 30 0 31 18 11 23 15 9 4 2 29 17 1 5 27 26 6 22 12 14 21
17 10 26 16 18 28 25 11 24 29 1 7 14 23 12 20 3 32 4 22 15 27 19 13 8 6 2 21 5 9 31 30 0
19 2 1 12 28 18 20 30 27 13 26 31 3 9 16 25 14 32 5 0 6 24 17 29 21 15 10 8 4 23 7 11 22
32 9 13 4 3 14 30 20 22 1 29 15 28 2 5 11 18 27 16 24 7 0 8 26 19 31 23 17 12 10 6 25 21
32 26 10 14 5 4 15 31 21 23 2 30 16 29 3 6 12 19 28 17 25 8 0 9 27 20 1 24 18 13 11 7 22
23 8 27 11 15 6 5 16 1 22 24 3 31 17 30 4 7 13 20 29 18 26 9 0 10 28 32 2 25 19 14 12 21
24 13 9 28 12 16 7 6 17 2 23 25 4 1 18 31 5 32 14 21 30 19 27 10 0 11 29 22 3 26 20 15 8
26 22 17 15 11 30 14 18 9 8 19 4 25 27 6 3 20 2 7 10 16 23 1 21 29 12 32 13 31 24 5 28 0
27 29 23 18 16 12 31 15 19 10 9 20 5 26 28 7 4 32 3 8 11 17 24 2 22 30 13 0 14 1 25 6 21
29 27 32 31 25 20 18 14 2 17 21 12 11 22 7 28 30 9 6 23 5 10 13 19 26 4 24 1 15 0 16 3 8
3 20 0 21 8 1 13 5 30 25 23 19 7 22 26 17 16 27 12 2 4 32 11 28 10 15 18 24 31 9 29 6 14
4 7 21 0 22 9 2 14 6 31 26 24 20 8 23 27 18 17 28 13 3 32 15 12 29 11 16 19 25 1 10 30 5
5 31 8 22 0 23 10 3 15 7 1 27 25 21 9 24 28 19 18 29 14 32 6 16 13 30 12 17 20 26 2 11 4
6 12 1 9 23 0 24 11 4 16 8 2 28 26 22 10 25 29 20 19 30 15 5 7 17 32 31 13 18 21 27 3 14
7 32 13 2 10 24 0 25 12 5 17 9 3 29 27 23 11 26 30 21 20 31 16 6 8 18 15 1 14 19 22 28 4
11 18 23 26 1 8 17 6 14 28 0 29 16 9 21 13 7 2 31 27 15 30 3 25 24 32 20 10 12 22 19 5 4
12 6 19 24 27 2 9 18 7 15 29 0 30 17 10 22 14 8 32 1 28 16 31 4 26 25 5 21 11 13 23 20 3
14 25 22 8 21 26 29 4 11 20 9 17 31 0 1 19 12 24 16 10 5 32 30 18 2 6 28 27 7 23 13 15 3
15 16 26 23 9 22 27 30 5 12 21 10 18 1 0 2 20 13 25 17 11 6 4 31 19 32 7 29 28 8 24 14 3
16 15 17 27 24 10 23 28 31 6 13 22 11 19 2 0 3 21 32 26 18 12 7 5 1 20 4 8 30 29 9 25 14
18 11 27 17 19 29 26 12 25 30 2 8 15 24 13 21 4 0 32 23 16 28 20 14 9 7 3 22 6 10 1 31 5
20 32 2 13 29 19 21 31 28 14 27 1 4 10 17 26 15 23 6 0 7 25 18 30 22 16 11 9 5 24 8 12 3
25 32 10 29 13 17 8 7 18 3 24 26 5 2 19 1 6 9 15 22 31 20 28 11 0 12 30 23 4 27 21 16 14
28 30 24 19 17 13 1 16 20 11 10 21 6 27 29 8 5 22 32 9 12 18 25 3 23 31 14 0 15 2 26 7 4
30 28 9 1 26 21 19 15 3 18 22 13 12 23 8 29 31 10 7 24 6 11 14 20 27 32 25 2 16 0 17 4 5
31 32 29 10 2 27 22 20 16 4 19 23 14 13 24 9 30 1 11 8 25 7 12 15 21 28 6 26 3 17 0 18 5
0 3 4 5 6 7 8 9 10 11 12 13 14 15 16 17 18 19 20 21 22 23 24 25 26 27 28 29 30 31 32 2 1
1 6 30 11 3 28 23 21 17 5 20 24 15 14 25 10 31 2 12 32 26 8 13 16 22 29 7 27 4 18 0 19 9
2 20 7 31 12 4 29 24 22 18 6 21 25 16 15 26 11 1 3 13 10 27 32 14 17 23 30 8 28 5 19 0 9
3 0 21 8 1 13 5 30 25 23 19 7 22 26 17 16 27 12 2 4 14 11 28 10 15 18 24 31 9 29 32 20 6
4 21 0 22 9 2 14 6 31 26 24 20 8 23 27 18 17 28 13 3 5 15 12 29 11 16 19 25 1 10 32 7 30
5 8 22 0 23 10 3 15 7 1 27 25 21 9 24 28 19 18 29 14 4 6 16 13 30 12 17 20 26 2 32 31 11
6 1 9 23 0 24 11 4 16 8 2 28 26 22 10 25 29 20 19 32 15 5 7 17 14 31 13 18 21 27 3 12 30
7 13 2 10 24 0 25 12 5 17 9 3 29 27 23 11 26 30 21 20 31 16 32 8 18 15 1 14 19 22 28 4 6
8 5 14 3 11 25 0 26 13 6 18 10 4 30 28 24 12 27 31 22 21 1 17 7 9 19 16 2 15 20 32 29 23
9 30 6 15 4 12 26 0 27 14 7 19 11 5 31 29 25 13 28 32 23 22 2 18 8 10 20 17 3 16 21 24 1
10 25 31 7 16 5 13 27 0 28 15 8 20 12 6 1 30 26 14 29 2 24 32 3 19 9 11 21 18 4 17 22 23
11 23 26 1 8 17 6 14 28 0 29 16 9 21 13 7 2 31 27 32 30 3 25 24 4 20 10 12 22 19 5 18 15
12 19 24 27 2 9 18 7 15 29 0 30 17 10 22 14 8 3 1 28 16 31 4 26 25 5 21 11 13 23 20 32 6
13 7 20 25 28 3 10 19 8 16 30 0 31 18 11 23 15 9 4 2 29 17 32 5 27 26 6 22 12 14 24 21 1
14 22 8 21 26 29 4 11 20 9 17 31 0 1 19 12 24 16 10 5 3 30 18 2 6 28 27 7 23 13 32 25 15
15 26 23 9 22 27 30 5 12 21 10 18 1 0 2 20 13 25 17 32 6 4 31 19 3 7 29 28 8 24 14 16 11
16 17 27 24 10 23 28 31 6 13 22 11 19 2 0 3 21 14 26 18 12 7 5 1 20 4 8 30 29 9 25 32 15
17 16 18 28 25 11 24 29 1 7 14 23 12 20 3 0 4 22 15 27 19 13 8 6 2 21 5 9 31 30 10 32 26
18 27 17 19 29 26 12 25 30 2 8 15 24 13 21 4 0 5 23 16 28 20 14 9 7 3 22 6 10 1 31 32 11
19 12 28 18 20 30 27 13 26 31 3 9 16 25 14 22 5 0 6 24 17 29 21 15 10 8 4 23 7 11 2 32 1
20 2 13 29 19 21 31 28 14 27 1 4 10 17 26 15 23 6 0 7 25 18 32 22 16 11 9 5 24 8 12 3 30
21 4 3 14 30 20 22 1 29 15 28 2 5 11 18 27 16 24 7 0 8 26 19 31 23 17 12 10 6 25 32 13 9
22 14 5 4 15 31 21 23 2 30 16 29 3 6 12 19 28 17 25 8 0 9 27 20 1 24 18 13 11 7 32 10 26
23 11 15 6 5 16 1 22 24 3 31 17 30 4 7 13 20 29 18 32 9 0 10 28 21 2 25 19 14 12 8 27 26
24 28 12 16 7 6 17 2 23 25 4 1 18 31 5 8 14 21 30 19 27 10 0 11 29 22 3 26 20 15 13 32 9
25 10 29 13 17 8 7 18 3 24 26 5 2 19 1 6 9 15 22 31 20 28 32 0 12 30 23 4 27 21 16 14 11
26 15 11 30 14 18 9 8 19 4 25 27 6 3 20 2 7 10 16 32 1 21 29 12 0 13 31 24 5 28 22 17 23
27 18 16 12 31 15 19 10 9 20 5 26 28 7 4 21 3 8 11 17 24 2 22 30 13 0 14 1 25 6 29 32 23
28 24 19 17 13 1 16 20 11 10 21 6 27 29 8 5 22 4 9 12 18 25 3 23 31 14 0 15 2 26 7 32 30
29 31 25 20 18 14 2 17 21 12 11 22 7 28 30 9 6 23 5 10 13 19 32 4 24 1 15 0 16 3 27 8 26
30 9 1 26 21 19 15 3 18 22 13 12 23 8 29 31 10 7 24 32 11 14 20 27 5 25 2 16 0 17 4 28 6
31 29 10 2 27 22 20 16 4 19 23 14 13 24 9 30 1 11 8 25 7 12 32 21 28 6 26 3 17 0 18 5 15
0 4 5 6 7 8 9 32 11 12 13 14 15 16 17 18 19 20 21 22 23 24 25 26 27 28 29 30 31 1 2 3 10
1 30 11 3 28 23 21 17 5 20 24 15 14 25 10 31 2 12 9 26 8 13 16 22 32 7 27 4 18 0 19 6 29
2 7 31 12 4 32 24 22 18 6 21 25 16 15 26 11 1 3 13 10 27 9 14 17 23 30 8 28 5 19 0 20 29
3 21 8 1 13 5 30 32 23 19 7 22 26 17 16 27 12 2 4 14 11 28 10 15 18 24 31 9 29 6 20 0 25
4 0 22 9 2 14 6 32 26 24 20 8 23 27 18 17 28 13 3 5 15 12 29 11 16 19 25 1 10 30 7 21 31
5 22 0 23 10 3 15 32 1 27 25 21 9 24 28 19 18 29 14 4 6 16 13 30 12 17 20 26 2 11 31 8 7
6 9 23 0 24 11 4 16 8 2 28 26 22 10 25 29 20 19 30 15 5 7 17 14 32 13 18 21 27 3 12 1 31
7 2 10 24 0 32 12 5 17 9 3 29 27 23 11 26 30 21 20 31 16 6 8 18 15 1 14 19 22 28 4 13 25
8 14 3 11 25 0 26 32 6 18 10 4 30 28 24 12 27 31 22 21 1 17 7 9 19 16 2 15 20 23 29 5 13
9 6 15 4 12 26 0 27 14 7 19 11 5 31 29 25 13 28 1 23 22 2 18 8 32 20 17 3 16 21 24 30 10
10 31 7 16 5 32 27 0 28 15 8 20 12 6 1 30 26 14 29 2 24 23 3 19 9 11 21 18 4 17 22 25 13
11 26 1 8 17 6 14 28 0 29 16 9 21 13 7 2 31 27 15 30 3 25 24 4 32 10 12 22 19 5 18 23 20
12 24 27 2 9 18 7 15 29 0 30 17 10 22 14 8 3 1 28 16 31 4 26 32 5 21 11 13 23 20 6 19 25
13 20 25 28 3 32 19 8 16 30 0 31 18 11 23 15 9 4 2 29 17 1 5 27 26 6 22 12 14 24 21 7 10
14 8 21 26 29 4 11 32 9 17 31 0 1 19 12 24 16 10 5 3 30 18 2 6 28 27 7 23 13 15 25 22 20
15 23 9 22 27 30 5 12 21 10 18 1 0 2 20 13 25 17 11 6 4 31 19 3 32 29 28 8 24 14 16 26 7
16 27 24 10 23 28 31 6 13 22 11 19 2 0 3 21 14 26 18 12 7 5 1 32 4 8 30 29 9 25 15 17 20
17 18 28 25 11 24 29 1 7 14 23 12 20 3 0 4 22 15 27 19 13 8 6 32 21 5 9 31 30 10 26 16 2
18 17 19 29 26 12 25 30 2 8 15 24 13 21 4 0 5 23 16 28 20 14 9 32 3 22 6 10 1 31 11 27 7
19 28 18 20 30 27 13 26 31 3 9 16 25 14 22 5 0 6 24 17 29 21 15 32 8 4 23 7 11 2 1 12 10
20 13 29 19 21 32 28 14 27 1 4 10 17 26 15 23 6 0 7 25 18 30 22 16 11 9 5 24 8 12 3 2 31
21 3 14 30 20 22 1 32 15 28 2 5 11 18 27 16 24 7 0 8 26 19 31 23 17 12 10 6 25 9 13 4 29
22 5 4 15 31 21 23 32 30 16 29 3 6 12 19 28 17 25 8 0 9 27 20 1 24 18 13 11 7 26 10 14 2
23 15 6 5 16 1 22 24 3 31 17 30 4 7 13 20 29 18 26 9 0 10 28 21 32 25 19 14 12 8 27 11 2
24 12 16 7 6 17 2 23 25 4 1 18 31 5 8 14 21 30 19 27 10 0 11 32 22 3 26 20 15 13 9 28 29
25 29 13 17 8 32 18 3 24 26 5 2 19 1 6 9 15 22 31 20 28 11 0 12 30 23 4 27 21 16 14 10 7
26 11 30 14 18 9 8 19 4 25 27 6 3 20 2 7 10 16 23 1 21 29 12 0 32 31 24 5 28 22 17 15 13
27 16 12 31 15 19 10 9 20 5 26 28 7 4 21 3 8 11 17 24 2 22 30 32 0 14 1 25 6 29 23 18 13
28 19 17 13 1 16 20 11 10 21 6 27 29 8 5 22 4 9 12 18 25 3 23 32 14 0 15 2 26 7 30 24 31
29 25 20 18 14 32 17 21 12 11 22 7 28 30 9 6 23 5 10 13 19 26 4 24 1 15 0 16 3 27 8 31 2
30 1 26 21 19 15 3 18 22 13 12 23 8 29 31 10 7 24 6 11 14 20 27 5 32 2 16 0 17 4 28 9 25
31 10 2 27 22 32 16 4 19 23 14 13 24 9 30 1 11 8 25 7 12 15 21 28 6 26 3 17 0 18 5 29 20
0 5 6 7 8 9 10 11 12 13 14 15 16 17 18 32 20 21 22 23 24 25 26 27 28 29 30 31 1 2 3 4 19
1 11 3 28 23 21 17 5 20 32 15 14 25 10 31 2 12 9 26 8 13 16 22 29 7 27 4 18 0 19 6 30 24
2 31 12 4 29 24 22 18 6 21 25 16 15 26 11 1 3 13 10 27 9 14 17 23 30 8 28 5 32 0 20 7 19
3 8 1 13 5 30 25 23 19 7 22 26 17 16 32 12 2 4 14 11 28 10 15 18 24 31 9 29 6 20 0 21 27
4 22 9 2 14 6 31 26 24 20 8 23 27 18 32 28 13 3 5 15 12 29 11 16 19 25 1 10 30 7 21 0 17
5 0 23 10 3 15 7 1 27 25 21 9 24 28 32 18 29 14 4 6 16 13 30 12 17 20 26 2 11 31 8 22 19
6 23 0 32 11 4 16 8 2 28 26 22 10 25 29 20 19 30 15 5 7 17 14 31 13 18 21 27 3 12 1 9 24
7 10 24 0 25 12 5 17 9 3 29 32 23 11 26 30 21 20 31 16 6 8 18 15 1 14 19 22 28 4 13 2 27
8 3 11 25 0 26 13 6 18 10 4 30 28 24 12 32 31 22 21 1 17 7 9 19 16 2 15 20 23 29 5 14 27
9 15 4 12 26 0 27 14 7 32 11 5 31 29 25 13 28 1 23 22 2 18 8 10 20 17 3 16 21 24 30 6 19
10 7 16 5 13 27 0 28 15 8 20 12 6 1 30 26 14 29 2 24 23 3 19 9 11 21 18 4 32 22 25 31 17
11 1 8 32 6 14 28 0 29 16 9 21 13 7 2 31 27 15 30 3 25 24 4 20 10 12 22 19 5 18 23 26 17
12 27 2 9 18 7 15 29 0 30 32 10 22 14 8 3 1 28 16 31 4 26 25 5 21 11 13 23 20 6 19 24 17
13 25 28 3 10 19 8 16 30 0 31 18 11 23 15 9 4 2 29 17 1 5 27 26 6 22 12 14 32 21 7 20 24
14 21 26 29 4 11 20 9 17 31 0 1 19 12 32 16 10 5 3 30 18 2 6 28 27 7 23 13 15 25 22 8 24
15 9 22 32 30 5 12 21 10 18 1 0 2 20 13 25 17 11 6 4 31 19 3 7 29 28 8 24 14 16 26 23 27
16 24 10 23 28 31 6 13 22 11 32 2 0 3 21 14 26 18 12 7 5 1 20 4 8 30 29 9 25 15 17 27 19
17 28 25 11 32 29 1 7 14 23 12 20 3 0 4 22 15 27 19 13 8 6 2 21 5 9 31 30 10 26 16 18 24
18 19 29 26 12 25 30 2 8 15 32 13 21 4 0 5 23 16 28 20 14 9 7 3 22 6 10 1 31 11 27 17 24
19 18 20 30 32 13 26 31 3 9 16 25 14 22 5 0 6 24 17 29 21 15 10 8 4 23 7 11 2 1 12 28 27
20 29 19 21 31 28 14 27 1 4 10 32 26 15 23 6 0 7 25 18 30 22 16 11 9 5 24 8 12 3 2 13 17
21 14 30 20 22 1 29 15 28 2 5 11 18 27 16 32 7 0 8 26 19 31 23 17 12 10 6 25 9 13 4 3 24
22 4 15 31 21 23 2 30 16 29 3 6 12 19 28 32 25 8 0 9 27 20 1 24 18 13 11 7 26 10 14 5 17
23 6 5 16 1 22 24 3 31 32 30 4 7 13 20 29 18 26 9 0 10 28 21 2 25 19 14 12 8 27 11 15 17
24 16 7 6 32 2 23 25 4 1 18 31 5 8 14 21 30 19 27 10 0 11 29 22 3 26 20 15 13 9 28 12 17
25 13 17 8 7 18 3 24 26 5 2 32 1 6 9 15 22 31 20 28 11 0 12 30 23 4 27 21 16 14 10 29 19
26 30 14 18 9 8 19 4 25 32 6 3 20 2 7 10 16 23 1 21 29 12 0 13 31 24 5 28 22 17 15 11 27
27 12 31 15 32 10 9 20 5 26 28 7 4 21 3 8 11 17 24 2 22 30 13 0 14 1 25 6 29 23 18 16 19
28 17 13 1 16 20 11 10 21 6 32 29 8 5 22 4 9 12 18 25 3 23 31 14 0 15 2 26 7 30 24 19 27
29 20 18 14 2 17 21 12 11 22 7 28 30 9 6 23 5 10 13 19 26 4 24 1 15 0 16 3 32 8 31 25 27
30 26 21 32 15 3 18 22 13 12 23 8 29 31 10 7 24 6 11 14 20 27 5 25 2 16 0 17 4 28 9 1 19
31 2 27 22 20 16 4 19 23 14 13 32 9 30 1 11 8 25 7 12 15 21 28 6 26 3 17 0 18 5 29 10 24
0 6 7 8 9 10 11 12 13 14 15 16 17 32 19 20 21 22 23 24 25 26 27 28 29 30 31 1 2 3 4 5 18
1 3 28 23 21 17 5 20 24 15 14 25 10 31 2 12 9 26 8 13 32 22 29 7 27 4 18 0 19 6 30 11 16
2 12 4 29 24 22 32 6 21 25 16 15 26 11 1 3 13 10 27 9 14 17 23 30 8 28 5 19 0 20 7 31 18
3 1 13 5 30 25 23 19 7 22 26 17 32 27 12 2 4 14 11 28 10 15 18 24 31 9 29 6 20 0 21 8 16
4 9 2 14 6 31 26 24 20 8 23 27 32 17 28 13 3 5 15 12 29 11 16 19 25 1 10 30 7 21 0 22 18
5 23 10 3 15 7 1 27 25 21 9 24 32 19 18 29 14 4 6 16 13 30 12 17 20 26 2 11 31 8 22 0 28
6 0 24 11 4 16 8 2 32 26 22 10 25 29 20 19 30 15 5 7 17 14 31 13 18 21 27 3 12 1 9 23 28
7 24 0 25 12 5 17 9 3 29 27 23 11 26 30 21 20 31 16 6 8 18 15 1 14 19 22 32 4 13 2 10 28
8 11 25 0 26 13 6 18 10 4 30 28 24 32 27 31 22 21 1 17 7 9 19 16 2 15 20 23 29 5 14 3 12
9 4 12 26 0 27 14 7 19 11 5 31 29 25 13 28 1 23 22 2 32 8 10 20 17 3 16 21 24 30 6 15 18
10 16 5 13 27 0 32 15 8 20 12 6 1 30 26 14 29 2 24 23 3 19 9 11 21 18 4 17 22 25 31 7 28
11 8 17 6 14 28 0 29 32 9 21 13 7 2 31 27 15 30 3 25 24 4 20 10 12 22 19 5 18 23 26 1 16
12 2 9 18 7 15 29 0 30 17 10 22 14 8 3 1 32 16 31 4 26 25 5 21 11 13 23 20 6 19 24 27 28
13 28 3 10 19 8 32 30 0 31 18 11 23 15 9 4 2 29 17 1 5 27 26 6 22 12 14 24 21 7 20 25 16
14 26 29 4 11 20 9 17 31 0 1 19 32 24 16 10 5 3 30 18 2 6 28 27 7 23 13 15 25 22 8 21 12
15 22 27 30 5 12 21 10 32 1 0 2 20 13 25 17 11 6 4 31 19 3 7 29 28 8 24 14 16 26 23 9 18
16 10 23 28 31 6 13 22 11 19 2 0 3 21 14 26 32 12 7 5 1 20 4 8 30 29 9 25 15 17 27 24 18
17 25 11 24 29 1 7 14 23 12 20 3 0 4 22 15 27 19 13 8 6 2 21 5 9 31 30 10 26 32 18 28 16
18 29 26 12 25 30 2 8 15 24 13 21 4 0 5 23 32 28 20 14 9 7 3 22 6 10 1 31 11 27 17 19 16
19 20 30 27 13 26 31 3 9 16 25 14 22 5 0 6 24 17 29 21 15 10 8 4 23 7 11 2 1 32 28 18 12
20 19 21 31 28 14 27 1 4 10 17 26 15 23 6 0 7 25 18 30 22 16 11 9 5 24 8 32 3 2 13 29 12
21 30 20 22 1 29 15 28 2 5 11 18 27 32 24 7 0 8 26 19 31 23 17 12 10 6 25 9 13 4 3 14 16
22 15 31 21 23 2 30 16 29 3 6 12 19 32 17 25 8 0 9 27 20 1 24 18 13 11 7 26 10 14 5 4 28
23 5 16 1 22 24 3 31 17 30 4 7 13 20 29 18 26 9 0 10 32 21 2 25 19 14 12 8 27 11 15 6 28
24 7 6 17 2 23 25 4 1 18 31 5 8 14 21 30 19 27 10 0 11 29 22 3 26 20 15 13 9 32 12 16 28
25 17 8 7 18 3 24 26 5 2 19 1 6 9 15 22 31 20 28 11 0 12 30 23 4 27 21 32 14 10 29 13 16
26 14 18 9 8 19 4 25 27 6 3 20 2 7 10 16 23 1 21 29 32 0 13 31 24 5 28 22 17 15 11 30 12
27 31 15 19 10 9 20 5 26 28 7 4 21 3 8 11 17 24 2 22 30 13 0 14 1 25 6 29 23 32 16 12 18
28 13 1 16 20 11 10 21 6 27 29 8 5 22 4 9 32 18 25 3 23 31 14 0 15 2 26 7 30 24 19 17 12
29 18 14 2 17 21 32 11 22 7 28 30 9 6 23 5 10 13 19 26 4 24 1 15 0 16 3 27 8 31 25 20 12
30 21 19 15 3 18 22 13 32 23 8 29 31 10 7 24 6 11 14 20 27 5 25 2 16 0 17 4 28 9 1 26 12
31 27 22 20 16 4 19 23 14 13 24 9 30 1 11 8 25 7 12 15 21 28 6 26 3 17 0 32 5 29 10 2 18
0 7 8 9 10 11 12 13 14 15 16 17 18 19 20 21 22 23 24 25 26 27 28 29 30 31 1 2 3 4 5 6 32
1 28 23 21 17 5 20 24 15 14 25 10 31 2 12 9 26 8 13 16 22 29 7 27 4 18 0 19 6 30 11 3 32
2 4 29 24 22 18 6 21 25 16 15 26 11 1 3 13 10 27 9 14 17 23 30 8 28 5 19 0 20 7 31 12 32
3 13 5 30 25 23 19 7 22 26 17 16 27 12 2 4 14 11 28 10 15 18 24 31 9 29 6 20 0 21 8 1 32
4 2 14 6 31 26 24 20 8 23 27 18 17 28 13 3 5 15 12 29 11 16 19 25 1 10 30 7 21 0 22 9 32
5 10 3 15 7 1 27 25 21 9 24 28 19 18 29 14 4 6 16 13 30 12 17 20 26 2 11 31 8 22 0 23 32
6 24 11 4 16 8 2 28 26 22 10 25 29 20 19 30 15 5 7 17 14 31 13 18 21 27 3 12 1 9 23 0 32
7 0 25 12 5 17 9 3 29 27 23 11 26 30 21 20 31 16 6 8 18 15 1 14 19 22 28 4 13 2 10 24 32
8 25 0 26 13 6 18 10 4 30 28 24 12 27 31 22 21 1 17 7 9 19 16 2 15 20 23 29 5 14 3 11 32
9 12 26 0 27 14 7 19 11 5 31 29 25 13 28 1 23 22 2 18 8 10 20 17 3 16 21 24 30 6 15 4 32
10 5 13 27 0 28 15 8 20 12 6 1 30 26 14 29 2 24 23 3 19 9 11 21 18 4 17 22 25 31 7 16 32
11 17 6 14 28 0 29 16 9 21 13 7 2 31 27 15 30 3 25 24 4 20 10 12 22 19 5 18 23 26 1 8 32
12 9 18 7 15 29 0 30 17 10 22 14 8 3 1 28 16 31 4 26 25 5 21 11 13 23 20 6 19 24 27 2 32
13 3 10 19 8 16 30 0 31 18 11 23 15 9 4 2 29 17 1 5 27 26 6 22 12 14 24 21 7 20 25 28 32
14 29 4 11 20 9 17 31 0 1 19 12 24 16 10 5 3 30 18 2 6 28 27 7 23 13 15 25 22 8 21 26 32
15 27 30 5 12 21 10 18 1 0 2 20 13 25 17 11 6 4 31 19 3 7 29 28 8 24 14 16 26 23 9 22 32
16 23 28 31 6 13 22 11 19 2 0 3 21 14 26 18 12 7 5 1 20 4 8 30 29 9 25 15 17 27 24 10 32
17 11 24 29 1 7 14 23 12 20 3 0 4 22 15 27 19 13 8 6 2 21 5 9 31 30 10 26 16 18 28 25 32
18 26 12 25 30 2 8 15 24 13 21 4 0 5 23 16 28 20 14 9 7 3 22 6 10 1 31 11 27 17 19 29 32
19 30 27 13 26 31 3 9 16 25 14 22 5 0 6 24 17 29 21 15 10 8 4 23 7 11 2 1 12 28 18 20 32
20 21 31 28 14 27 1 4 10 17 26 15 23 6 0 7 25 18 30 22 16 11 9 5 24 8 12 3 2 13 29 19 32
21 20 22 1 29 15 28 2 5 11 18 27 16 24 7 0 8 26 19 31 23 17 12 10 6 25 9 13 4 3 14 30 32
22 31 21 23 2 30 16 29 3 6 12 19 28 17 25 8 0 9 27 20 1 24 18 13 11 7 26 10 14 5 4 15 32
23 16 1 22 24 3 31 17 30 4 7 13 20 29 18 26 9 0 10 28 21 2 25 19 14 12 8 27 11 15 6 5 32
24 6 17 2 23 25 4 1 18 31 5 8 14 21 30 19 27 10 0 11 29 22 3 26 20 15 13 9 28 12 16 7 32
25 8 7 18 3 24 26 5 2 19 1 6 9 15 22 31 20 28 11 0 12 30 23 4 27 21 16 14 10 29 13 17 32
26 18 9 8 19 4 25 27 6 3 20 2 7 10 16 23 1 21 29 12 0 13 31 24 5 28 22 17 15 11 30 14 32
27 15 19 10 9 20 5 26 28 7 4 21 3 8 11 17 24 2 22 30 13 0 14 1 25 6 29 23 18 16 12 31 32
28 1 16 20 11 10 21 6 27 29 8 5 22 4 9 12 18 25 3 23 31 14 0 15 2 26 7 30 24 19 17 13 32
29 14 2 17 21 12 11 22 7 28 30 9 6 23 5 10 13 19 26 4 24 1 15 0 16 3 27 8 31 25 20 18 32
30 19 15 3 18 22 13 12 23 8 29 31 10 7 24 6 11 14 20 27 5 25 2 16 0 17 4 28 9 1 26 21 32
31 22 20 16 4 19 23 14 13 24 9 30 1 11 8 25 7 12 15 21 28 6 26 3 17 0 18 5 29 10 2 27 32
