27 1 2 3 4 5 6 7 8 9 10 11 12 13 14 15 16 17 18 19 20 21 22 23 24 25 26 0
1 14 10 22 2 19 18 12 27 16 4 7 11 3 0 17 26 23 21 8 24 6 13 15 25 20 9 5
27 19 3 24 13 18 14 26 6 23 22 16 9 20 8 11 15 7 0 21 4 1 25 12 2 10 17 5
6 27 20 4 25 14 19 15 1 7 24 23 17 10 21 9 12 16 8 0 22 5 2 26 13 3 11 18
8 27 13 20 22 6 1 16 21 17 3 9 26 25 19 12 23 11 14 18 10 0 24 7 4 2 15 5
14 27 4 13 10 8 21 11 19 26 2 12 7 22 1 23 9 15 6 5 25 18 3 17 20 24 16 0
27 21 24 2 20 0 8 17 14 12 25 15 23 4 6 16 11 26 5 1 13 19 10 9 3 22 7 18
19 8 22 25 3 21 0 9 27 15 13 26 16 24 5 7 17 12 1 6 2 14 20 11 10 4 23 18
21 6 25 10 24 1 5 23 27 11 20 17 15 2 18 26 7 9 19 14 3 8 4 16 22 13 12 0
0 2 3 4 5 6 7 8 9 10 11 12 13 14 15 16 17 18 19 20 21 22 23 24 25 26 27 1
1 10 22 2 19 18 12 5 16 4 7 11 3 0 17 26 23 27 8 24 6 13 15 25 20 9 14 21
2 15 11 23 3 20 19 13 6 17 5 8 12 4 0 18 1 27 22 9 25 7 14 16 26 21 10 24
3 11 16 12 24 4 21 20 14 7 18 6 9 13 5 0 19 27 25 23 10 26 8 15 17 1 22 2
4 23 12 17 13 25 5 22 21 15 8 19 7 10 14 6 0 20 3 26 24 11 1 9 16 18 27 2
5 3 24 13 18 14 26 6 23 22 16 9 20 8 11 15 7 0 21 4 1 25 12 2 10 17 27 19
6 20 4 25 14 27 15 1 7 24 23 17 10 21 9 12 16 8 0 22 5 2 26 13 3 11 18 19
7 19 21 5 26 27 20 16 2 8 25 24 18 11 22 10 13 17 9 0 23 6 3 1 14 4 12 15
8 13 20 22 6 27 16 21 17 3 9 26 25 19 12 23 11 14 18 10 0 24 7 4 2 15 5 1
9 6 14 21 23 7 2 17 22 18 4 10 1 26 20 13 24 12 15 19 11 0 25 8 5 3 27 16
10 17 7 15 22 27 8 3 18 23 19 5 11 2 1 21 14 25 13 16 20 12 0 26 9 6 4 24
11 5 18 8 16 23 25 9 4 19 24 20 6 12 3 2 22 27 26 14 17 21 13 0 1 10 7 15
12 8 6 19 9 17 24 26 10 5 20 25 21 7 13 4 3 23 16 1 15 18 22 14 0 2 27 11
13 12 9 7 20 10 18 25 1 11 6 21 26 22 8 14 5 4 24 17 2 16 19 23 15 0 27 3
14 4 13 10 8 27 11 19 26 2 12 7 22 1 23 9 15 6 5 25 18 3 17 20 24 16 0 21
15 0 5 14 11 9 22 12 20 1 3 13 8 23 2 24 10 27 7 6 26 19 4 18 21 25 17 16
16 18 0 6 15 12 10 23 13 21 2 4 14 9 24 3 25 27 17 8 7 1 20 5 19 22 26 11
17 1 19 0 7 27 13 11 24 14 22 3 5 15 10 25 4 26 12 18 9 8 2 21 6 20 23 16
18 24 2 20 0 8 17 14 12 25 15 23 4 6 16 11 26 5 1 13 19 10 9 3 22 7 27 21
19 22 25 3 21 0 9 18 15 13 26 16 24 5 7 17 12 27 6 2 14 20 11 10 4 23 8 1
20 9 23 26 4 22 0 10 19 16 14 1 17 25 6 8 18 13 2 7 3 15 21 12 11 5 27 24
21 25 10 24 1 5 23 0 11 20 17 15 2 18 26 7 9 27 14 3 8 4 16 22 13 12 6 19
22 7 26 11 25 27 6 24 0 12 21 18 16 3 19 1 8 10 20 15 4 9 5 17 23 14 13 2
23 14 8 1 12 26 3 7 25 0 13 22 19 17 4 20 2 9 11 21 16 5 10 6 18 24 27 15
24 16 15 9 2 13 1 4 8 26 0 14 23 20 18 5 21 27 10 12 22 17 6 11 7 19 25 3
25 26 17 16 10 27 14 2 5 9 1 0 15 24 21 19 6 22 4 11 13 23 18 7 12 8 20 3
26 21 1 18 17 27 4 15 3 6 10 2 0 16 25 22 20 7 23 5 12 14 24 19 8 13 9 11
0 3 4 5 6 7 27 9 10 11 12 13 14 15 16 17 18 19 20 21 22 23 24 25 26 1 2 8
1 22 2 19 18 12 5 16 4 7 11 3 0 17 26 23 21 8 24 6 13 15 25 20 9 27 10 14
2 11 23 3 20 19 13 6 17 5 8 12 4 0 18 1 24 22 9 25 7 14 16 26 21 27 15 10
3 16 12 24 4 21 20 14 7 18 6 9 13 5 0 19 2 25 23 10 26 8 15 17 1 27 11 22
4 12 17 13 25 5 27 21 15 8 19 7 10 14 6 0 20 3 26 24 11 1 9 16 18 2 23 22
5 24 13 18 14 26 27 23 22 16 9 20 8 11 15 7 0 21 4 1 25 12 2 10 17 19 3 6
6 4 25 27 19 15 1 7 24 23 17 10 21 9 12 16 8 0 22 5 2 26 13 3 11 18 20 14
7 21 5 27 15 20 16 2 8 25 24 18 11 22 10 13 17 9 0 23 6 3 1 14 4 12 19 26
8 20 22 27 1 16 21 17 3 9 26 25 19 12 23 11 14 18 10 0 24 7 4 2 15 5 13 6
9 14 21 23 7 2 27 22 18 4 10 1 26 20 13 24 12 15 19 11 0 25 8 5 3 16 6 17
10 7 15 27 24 8 3 18 23 19 5 11 2 1 21 14 25 13 16 20 12 0 26 9 6 4 17 22
11 18 8 16 23 25 9 4 19 24 20 6 12 3 2 22 15 26 14 17 21 13 0 1 10 27 5 7
12 6 19 9 17 24 27 10 5 20 25 21 7 13 4 3 23 16 1 15 18 22 14 0 2 11 8 26
13 9 7 20 10 18 27 1 11 6 21 26 22 8 14 5 4 24 17 2 16 19 23 15 0 3 12 25
14 13 10 27 21 11 19 26 2 12 7 22 1 23 9 15 6 5 25 18 3 17 20 24 16 0 4 8
15 5 14 11 9 22 12 20 1 3 13 8 23 2 24 10 16 7 6 26 19 4 18 21 25 27 0 17
16 0 6 15 12 10 23 13 21 2 4 14 9 24 3 25 11 17 8 7 1 20 5 19 22 27 18 26
17 19 0 27 16 13 11 24 14 22 3 5 15 10 25 4 26 12 18 9 8 2 21 6 20 23 1 7
18 2 20 0 8 17 27 12 25 15 23 4 6 16 11 26 5 1 13 19 10 9 3 22 7 21 24 14
19 25 3 21 0 9 18 15 13 26 16 24 5 7 17 12 1 6 2 14 20 11 10 4 23 27 22 8
20 23 26 4 22 0 27 19 16 14 1 17 25 6 8 18 13 2 7 3 15 21 12 11 5 24 9 10
21 10 24 1 5 23 0 11 20 17 15 2 18 26 7 9 19 14 3 8 4 16 22 13 12 27 25 6
22 26 11 27 2 6 24 0 12 21 18 16 3 19 1 8 10 20 15 4 9 5 17 23 14 13 7 25
23 8 1 12 26 3 27 25 0 13 22 19 17 4 20 2 9 11 21 16 5 10 6 18 24 15 14 7
24 15 9 2 13 1 4 8 26 0 14 23 20 18 5 21 3 10 12 22 17 6 11 7 19 27 16 25
25 17 16 27 3 14 2 5 9 1 0 15 24 21 19 6 22 4 11 13 23 18 7 12 8 20 26 10
26 1 18 27 11 4 15 3 6 10 2 0 16 25 22 20 7 23 5 12 14 24 19 8 13 9 21 17
0 4 5 6 7 8 9 10 11 12 27 14 15 16 17 18 19 20 21 22 23 24 25 26 1 2 3 13
1 2 19 18 12 5 16 4 7 11 3 0 17 26 23 21 8 24 6 13 15 25 27 9 14 10 22 20
2 23 3 20 19 13 6 17 5 8 12 27 0 18 1 24 22 9 25 7 14 16 26 21 10 15 11 4
3 12 24 4 21 20 14 7 18 6 9 27 5 0 19 2 25 23 10 26 8 15 17 1 22 11 16 13
4 17 13 25 5 22 21 15 8 19 7 10 14 6 0 27 3 26 24 11 1 9 16 18 2 23 12 20
5 13 18 14 26 6 23 22 16 9 27 8 11 15 7 0 21 4 1 25 12 2 10 17 19 3 24 20
6 25 14 19 15 1 7 24 23 17 10 21 9 12 16 8 0 22 5 2 26 27 3 11 18 20 4 13
7 5 26 15 27 16 2 8 25 24 18 11 22 10 13 17 9 0 23 6 3 1 14 4 12 19 21 20
8 22 6 1 16 21 17 3 9 26 25 19 12 23 11 14 18 10 0 24 7 27 2 15 5 13 20 4
9 21 23 7 2 17 22 18 4 10 1 26 27 13 24 12 15 19 11 0 25 8 5 3 16 6 14 20
10 15 22 24 8 3 18 23 19 5 11 2 1 21 14 25 13 16 20 12 0 26 9 6 27 17 7 4
11 8 16 23 25 9 4 19 24 27 6 12 3 2 22 15 26 14 17 21 13 0 1 10 7 5 18 20
12 19 9 17 24 26 10 5 20 25 21 7 27 4 3 23 16 1 15 18 22 14 0 2 11 8 6 13
13 7 20 10 18 25 1 11 6 21 26 22 8 14 5 27 24 17 2 16 19 23 15 0 3 12 9 4
14 10 8 21 11 19 26 2 12 7 22 1 23 9 15 6 5 25 18 3 17 27 24 16 0 4 13 20
15 14 11 9 22 12 20 1 3 27 8 23 2 24 10 16 7 6 26 19 4 18 21 25 17 0 5 13
16 6 15 12 10 23 13 21 2 27 14 9 24 3 25 11 17 8 7 1 20 5 19 22 26 18 0 4
17 0 7 16 27 11 24 14 22 3 5 15 10 25 4 26 12 18 9 8 2 21 6 20 23 1 19 13
18 20 0 8 17 14 12 25 15 23 27 6 16 11 26 5 1 13 19 10 9 3 22 7 21 24 2 4
19 3 21 0 9 18 15 13 26 16 24 5 7 17 12 1 6 2 14 20 11 10 27 23 8 22 25 4
20 26 4 22 0 10 19 16 14 1 17 25 6 8 18 27 2 7 3 15 21 12 11 5 24 9 23 13
21 24 1 5 23 0 11 20 17 15 2 18 26 7 9 19 14 3 8 4 16 22 27 12 6 25 10 13
22 11 25 2 6 24 0 12 21 18 16 3 19 1 8 10 20 15 4 9 5 17 23 14 27 7 26 13
23 1 12 26 3 7 25 0 13 22 19 17 27 20 2 9 11 21 16 5 10 6 18 24 15 14 8 4
24 9 2 13 1 4 8 26 0 14 23 27 18 5 21 3 10 12 22 17 6 11 7 19 25 16 15 20
25 16 10 3 14 2 5 9 1 0 15 24 21 19 6 22 4 11 13 23 18 7 12 8 27 26 17 20
26 18 17 11 27 15 3 6 10 2 0 16 25 22 20 7 23 5 12 14 24 19 8 13 9 21 1 4
0 5 6 7 8 9 10 11 12 13 14 15 16 17 18 19 20 21 22 27 24 25 26 1 2 3 4 23
1 19 18 12 5 16 4 7 11 3 0 17 26 27 21 8 24 6 13 15 25 20 9 14 10 22 2 23
2 3 20 19 13 6 17 5 8 12 4 0 18 1 24 22 27 25 7 14 16 26 21 10 15 11 23 9
3 24 4 21 20 14 7 18 6 9 13 5 0 19 2 25 27 10 26 8 15 17 1 22 11 16 12 23
4 13 25 5 22 21 15 8 19 7 10 14 6 0 20 3 26 24 11 1 27 16 18 2 23 12 17 9
5 18 14 26 6 23 22 16 9 20 8 11 15 7 0 21 4 1 25 27 2 10 17 19 3 24 13 12
6 14 19 15 1 7 24 27 17 10 21 9 12 16 8 0 22 5 2 26 13 3 11 18 20 4 25 23
7 26 15 20 16 2 8 25 24 18 11 22 10 13 17 9 0 23 6 3 1 14 4 27 19 21 5 12
8 6 1 16 21 17 3 27 26 25 19 12 23 11 14 18 10 0 24 7 4 2 15 5 13 20 22 9
9 23 7 2 17 22 18 4 10 1 26 20 13 24 27 15 19 11 0 25 8 5 3 16 6 14 21 12
10 22 24 8 3 18 23 19 5 11 2 1 21 14 25 13 16 20 27 0 26 9 6 4 17 7 15 12
11 16 27 25 9 4 19 24 20 6 12 3 2 22 15 26 14 17 21 13 0 1 10 7 5 18 8 23
12 9 17 24 26 10 5 20 25 21 7 13 4 3 27 16 1 15 18 22 14 0 2 11 8 6 19 23
13 20 10 18 25 1 11 6 21 26 22 8 14 5 4 24 17 2 16 19 27 15 0 3 12 9 7 23
14 8 21 11 19 26 2 27 7 22 1 23 9 15 6 5 25 18 3 17 20 24 16 0 4 13 10 12
15 11 27 22 12 20 1 3 13 8 23 2 24 10 16 7 6 26 19 4 18 21 25 17 0 5 14 9
16 15 27 10 23 13 21 2 4 14 9 24 3 25 11 17 8 7 1 20 5 19 22 26 18 0 6 12
17 7 16 13 11 24 14 22 3 5 15 10 25 4 26 12 18 9 8 2 21 6 20 27 1 19 0 23
18 0 8 17 14 12 25 15 23 4 6 16 11 26 5 1 13 19 10 27 3 22 7 21 24 2 20 9
19 21 0 9 18 15 13 26 16 24 5 7 17 27 1 6 2 14 20 11 10 4 23 8 22 25 3 12
20 4 22 0 10 19 16 14 1 17 25 6 8 18 13 2 7 3 15 21 27 11 5 24 9 23 26 12
21 1 5 23 0 11 20 17 15 2 18 26 7 27 19 14 3 8 4 16 22 13 12 6 25 10 24 9
22 25 2 6 24 0 12 21 18 16 3 19 1 8 10 20 15 4 27 5 17 23 14 13 7 26 11 9
23 12 26 3 7 25 0 13 22 19 17 4 20 2 27 11 21 16 5 10 6 18 24 15 14 8 1 9
24 2 13 1 4 8 26 0 14 23 20 18 5 21 3 10 27 22 17 6 11 7 19 25 16 15 9 12
25 10 3 14 2 5 9 1 0 15 24 21 19 6 22 4 11 13 27 18 7 12 8 20 26 17 16 23
26 17 11 4 15 3 6 10 2 0 16 25 22 20 7 23 5 12 14 24 19 8 13 27 21 1 18 9
0 6 7 8 9 10 11 12 13 14 15 16 17 18 19 20 21 22 23 24 25 26 1 2 3 4 5 27
1 18 12 5 16 4 7 11 3 0 17 26 23 21 8 24 6 13 15 25 20 9 14 10 22 2 19 27
2 20 19 13 6 17 5 8 12 4 0 18 1 24 22 9 25 7 14 16 26 21 10 15 11 23 3 27
3 4 21 20 14 7 18 6 9 13 5 0 19 2 25 23 10 26 8 15 17 1 22 11 16 12 24 27
4 25 5 22 21 15 8 19 7 10 14 6 0 20 3 26 24 11 1 9 16 18 2 23 12 17 13 27
5 14 26 6 23 22 16 9 20 8 11 15 7 0 21 4 1 25 12 2 10 17 19 3 24 13 18 27
6 19 15 1 7 24 23 17 10 21 9 12 16 8 0 22 5 2 26 13 3 11 18 20 4 25 14 27
7 15 20 16 2 8 25 24 18 11 22 10 13 17 9 0 23 6 3 1 14 4 12 19 21 5 26 27
8 1 16 21 17 3 9 26 25 19 12 23 11 14 18 10 0 24 7 4 2 15 5 13 20 22 6 27
9 7 2 17 22 18 4 10 1 26 20 13 24 12 15 19 11 0 25 8 5 3 16 6 14 21 23 27
10 24 8 3 18 23 19 5 11 2 1 21 14 25 13 16 20 12 0 26 9 6 4 17 7 15 22 27
11 23 25 9 4 19 24 20 6 12 3 2 22 15 26 14 17 21 13 0 1 10 7 5 18 8 16 27
12 17 24 26 10 5 20 25 21 7 13 4 3 23 16 1 15 18 22 14 0 2 11 8 6 19 9 27
13 10 18 25 1 11 6 21 26 22 8 14 5 4 24 17 2 16 19 23 15 0 3 12 9 7 20 27
14 21 11 19 26 2 12 7 22 1 23 9 15 6 5 25 18 3 17 20 24 16 0 4 13 10 8 27
15 9 22 12 20 1 3 13 8 23 2 24 10 16 7 6 26 19 4 18 21 25 17 0 5 14 11 27
16 12 10 23 13 21 2 4 14 9 24 3 25 11 17 8 7 1 20 5 19 22 26 18 0 6 15 27
17 16 13 11 24 14 22 3 5 15 10 25 4 26 12 18 9 8 2 21 6 20 23 1 19 0 7 27
18 8 17 14 12 25 15 23 4 6 16 11 26 5 1 13 19 10 9 3 22 7 21 24 2 20 0 27
19 0 9 18 15 13 26 16 24 5 7 17 12 1 6 2 14 20 11 10 4 23 8 22 25 3 21 27
20 22 0 10 19 16 14 1 17 25 6 8 18 13 2 7 3 15 21 12 11 5 24 9 23 26 4 27
21 5 23 0 11 20 17 15 2 18 26 7 9 19 14 3 8 4 16 22 13 12 6 25 10 24 1 27
22 2 6 24 0 12 21 18 16 3 19 1 8 10 20 15 4 9 5 17 23 14 13 7 26 11 25 27
23 26 3 7 25 0 13 22 19 17 4 20 2 9 11 21 16 5 10 6 18 24 15 14 8 1 12 27
24 13 1 4 8 26 0 14 23 20 18 5 21 3 10 12 22 17 6 11 7 19 25 16 15 9 2 27
25 3 14 2 5 9 1 0 15 24 21 19 6 22 4 11 13 23 18 7 12 8 20 26 17 16 10 27
26 11 4 15 3 6 10 2 0 16 25 22 20 7 23 5 12 14 24 19 8 13 9 21 1 18 17 27
