P(7, 3) with epsilon 0.1
Degree 385 and 77-claw free
mu,U,rho are  0.00012987012987012987 7700 0.00012987012987012987
There are 120 colors
2026-01-24 03:45:54.651442 0 120
2026-01-24 03:45:54.666144 1 120
2026-01-24 03:45:54.688568 2 120
2026-01-24 03:45:54.705524 3 120
2026-01-24 03:45:54.715317 4 120
2026-01-24 03:45:54.718136 5 120
2026-01-24 03:45:54.719948 6 120
2026-01-24 03:45:54.724612 7 120
2026-01-24 03:45:54.727899 8 120
2026-01-24 03:45:54.732749 9 120
2026-01-24 03:45:54.733702 10 120
2026-01-24 03:45:54.734866 11 120
Failed 11 (0, 2, 4, 3, 1)
2026-01-24 03:45:54.796469 11 120
Failed 11 (0, 3, 1, 2, 4)
2026-01-24 03:45:54.828754 11 120
2026-01-24 03:45:54.830212 12 120
2026-01-24 03:45:54.832062 13 120
2026-01-24 03:45:54.834429 14 120
2026-01-24 03:45:54.835343 15 120
Failed 15 (0, 3, 4, 2, 1)
2026-01-24 03:45:54.859868 15 120
2026-01-24 03:45:54.861398 16 120
Failed 16 (0, 4, 1, 3, 2)
2026-01-24 03:45:54.893846 16 120
2026-01-24 03:45:54.894920 17 120
Failed 17 (0, 4, 2, 3, 1)
2026-01-24 03:45:54.905130 17 120
2026-01-24 03:45:54.906380 18 120
2026-01-24 03:45:54.912164 19 120
Failed 19 (1, 0, 2, 3, 4)
2026-01-24 03:45:54.929916 19 120
Failed 19 (1, 0, 2, 4, 3)
2026-01-24 03:45:54.947963 19 120
2026-01-24 03:45:54.953483 20 120
2026-01-24 03:45:54.961597 21 120
2026-01-24 03:45:54.962756 22 120
Failed 22 (1, 0, 4, 3, 2)
2026-01-24 03:45:54.970478 22 120
2026-01-24 03:45:54.971864 23 120
2026-01-24 03:45:54.972876 24 120
2026-01-24 03:45:54.974213 25 120
Failed 25 (1, 2, 3, 4, 0)
2026-01-24 03:45:54.988772 25 120
Failed 25 (1, 2, 4, 0, 3)
2026-01-24 03:45:55.018120 25 120
Failed 25 (1, 2, 4, 3, 0)
2026-01-24 03:45:55.037551 25 120
2026-01-24 03:45:55.039247 26 120
Failed 26 (1, 3, 0, 4, 2)
2026-01-24 03:45:55.071506 26 120
Failed 26 (1, 3, 2, 0, 4)
2026-01-24 03:45:55.109945 26 120
2026-01-24 03:45:55.111722 27 120
Failed 27 (1, 3, 4, 0, 2)
2026-01-24 03:45:55.126704 27 120
2026-01-24 03:45:55.128633 28 120
2026-01-24 03:45:55.129885 29 120
Failed 29 (1, 4, 0, 3, 2)
2026-01-24 03:45:55.152148 29 120
Failed 29 (1, 4, 2, 0, 3)
2026-01-24 03:45:55.197179 29 120
2026-01-24 03:45:55.198436 30 120
2026-01-24 03:45:55.199903 31 120
2026-01-24 03:45:55.200815 32 120
Failed 32 (2, 0, 1, 3, 4)
2026-01-24 03:45:55.237864 32 120
Failed 32 (2, 0, 1, 4, 3)
2026-01-24 03:45:55.261270 32 120
2026-01-24 03:45:55.262455 33 120
Failed 33 (2, 0, 3, 4, 1)
2026-01-24 03:45:55.274867 33 120
Failed 33 (2, 0, 4, 1, 3)
2026-01-24 03:45:55.321147 33 120
2026-01-24 03:45:55.322056 34 120
2026-01-24 03:45:55.323052 35 120
Failed 35 (2, 1, 0, 4, 3)
2026-01-24 03:45:55.372662 35 120
Failed 35 (2, 1, 3, 0, 4)
2026-01-24 03:45:55.404235 35 120
Failed 35 (2, 1, 3, 4, 0)
2026-01-24 03:45:55.427949 35 120
2026-01-24 03:45:55.429471 36 120
Failed 36 (2, 1, 4, 3, 0)
2026-01-24 03:45:55.457665 36 120
2026-01-24 03:45:55.459338 37 120
2026-01-24 03:45:55.460464 38 120
Failed 38 (2, 3, 1, 0, 4)
2026-01-24 03:45:55.496926 38 120
Failed 38 (2, 3, 1, 4, 0)
2026-01-24 03:45:55.519093 38 120
2026-01-24 03:45:55.520397 39 120
Failed 39 (2, 3, 4, 1, 0)
2026-01-24 03:45:55.562804 39 120
2026-01-24 03:45:55.564854 40 120
Failed 40 (2, 4, 0, 3, 1)
2026-01-24 03:45:55.585908 40 120
Failed 40 (2, 4, 1, 0, 3)
2026-01-24 03:45:55.627185 40 120
2026-01-24 03:45:55.629273 41 120
Failed 41 (2, 4, 3, 0, 1)
2026-01-24 03:45:55.669740 41 120
2026-01-24 03:45:55.671914 42 120
Failed 42 (3, 0, 1, 2, 4)
2026-01-24 03:45:55.732832 42 120
Failed 42 (3, 0, 1, 4, 2)
2026-01-24 03:45:55.751669 42 120
Failed 42 (3, 0, 2, 1, 4)
2026-01-24 03:45:55.772472 42 120
Failed 42 (3, 0, 2, 4, 1)
2026-01-24 03:45:55.831038 42 120
2026-01-24 03:45:55.832893 43 120
Failed 43 (3, 0, 4, 2, 1)
2026-01-24 03:45:55.913049 43 120
2026-01-24 03:45:55.914618 44 120
Failed 44 (3, 1, 0, 4, 2)
2026-01-24 03:45:55.990633 44 120
Failed 44 (3, 1, 2, 0, 4)
2026-01-24 03:45:56.043865 44 120
2026-01-24 03:45:56.045704 45 120
Failed 45 (3, 1, 4, 0, 2)
2026-01-24 03:45:56.064017 45 120
Failed 45 (3, 1, 4, 2, 0)
2026-01-24 03:45:56.116933 45 120
Failed 45 (3, 2, 0, 1, 4)
2026-01-24 03:45:56.141415 45 120
Failed 45 (3, 2, 0, 4, 1)
2026-01-24 03:45:56.205505 45 120
2026-01-24 03:45:56.207156 46 120
Failed 46 (3, 2, 1, 4, 0)
2026-01-24 03:45:56.288661 46 120
Failed 46 (3, 2, 4, 0, 1)
2026-01-24 03:45:56.356864 46 120
Failed 46 (3, 2, 4, 1, 0)
2026-01-24 03:45:56.406231 46 120
2026-01-24 03:45:56.407517 47 120
2026-01-24 03:45:56.408855 48 120
Failed 48 (3, 4, 1, 0, 2)
2026-01-24 03:45:56.533578 48 120
Failed 48 (3, 4, 1, 2, 0)
2026-01-24 03:45:56.620962 48 120
Failed 48 (3, 4, 2, 0, 1)
2026-01-24 03:45:56.706744 48 120
2026-01-24 03:45:56.708240 49 120
Failed 49 (4, 0, 1, 2, 3)
2026-01-24 03:45:56.788922 49 120
Failed 49 (4, 0, 1, 3, 2)
2026-01-24 03:45:56.844907 49 120
Failed 49 (4, 0, 2, 1, 3)
2026-01-24 03:45:56.937742 49 120
2026-01-24 03:45:57.003047 50 120
Failed 50 (4, 0, 3, 1, 2)
2026-01-24 03:45:57.065006 50 120
2026-01-24 03:45:57.065912 51 120
2026-01-24 03:45:57.067487 52 120
Failed 52 (4, 1, 0, 3, 2)
2026-01-24 03:45:57.161525 52 120
Failed 52 (4, 1, 2, 0, 3)
2026-01-24 03:45:57.326318 52 120
Failed 52 (4, 1, 2, 3, 0)
2026-01-24 03:45:57.374600 52 120
2026-01-24 03:45:57.418132 53 120
2026-01-24 03:45:57.447470 54 120
Failed 54 (4, 2, 0, 1, 3)
2026-01-24 03:45:57.512003 54 120
Failed 54 (4, 2, 0, 3, 1)
2026-01-24 03:45:57.556060 54 120
Failed 54 (4, 2, 1, 0, 3)
2026-01-24 03:45:57.593722 54 120
Failed 54 (4, 2, 1, 3, 0)
2026-01-24 03:45:57.652879 54 120
Failed 54 (4, 2, 3, 0, 1)
2026-01-24 03:45:57.718322 54 120
Failed 54 (4, 2, 3, 1, 0)
2026-01-24 03:45:57.757901 54 120
Failed 54 (4, 3, 0, 1, 2)
2026-01-24 03:45:57.843444 54 120
Failed 54 (4, 3, 0, 2, 1)
2026-01-24 03:45:57.910883 54 120
Failed 54 (4, 3, 1, 0, 2)
2026-01-24 03:45:57.956938 54 120
Failed 54 (4, 3, 1, 2, 0)
2026-01-24 03:45:58.011175 54 120
2026-01-24 03:45:58.012433 55 120
Failed 55 (4, 3, 2, 1, 0)
Success 55
Success!
0 1 2 3 4 5 6
0 1 2 6 5 4 3
0 1 5 3 6 2 4
0 6 1 3 5 4 2
0 5 1 4 6 2 3
6 5 0 1 4 3 2
5 0 2 1 6 3 4
0 6 2 1 4 5 3
6 0 2 3 1 5 4
0 6 5 2 3 4 1
0 2 4 1 3 6 5
0 3 1 6 4 2 5
0 3 5 2 6 1 4
5 6 0 3 2 4 1
0 3 4 6 5 1 2
6 0 4 1 5 2 3
0 4 2 5 6 1 3
0 5 6 4 3 1 2
0 4 5 3 2 1 6
1 0 3 2 5 4 6
1 6 0 5 3 4 2
1 5 0 6 4 2 3
5 1 2 0 3 6 4
1 6 2 0 4 3 5
1 2 5 6 3 0 4
1 3 0 2 6 4 5
1 6 3 5 2 4 0
5 1 3 4 2 6 0
1 4 0 5 2 6 3
6 1 4 2 3 0 5
1 4 3 6 5 0 2
1 5 4 3 2 0 6
2 5 0 3 1 4 6
5 2 0 4 6 3 1
2 6 1 0 3 4 5
2 1 5 4 6 0 3
2 3 0 5 1 6 4
2 3 6 5 0 4 1
2 3 4 0 6 1 5
5 2 6 4 0 1 3
2 4 6 5 1 3 0
2 4 3 1 5 0 6
5 3 0 4 1 6 2
6 5 3 1 0 2 4
3 1 2 4 6 0 5
3 2 1 0 6 5 4
3 5 4 0 1 2 6
6 3 4 0 5 2 1
3 5 4 6 2 1 0
4 5 0 2 3 6 1
4 0 6 3 2 5 1
4 6 1 0 2 5 3
4 1 3 0 5 6 2
6 4 1 3 2 5 0
4 3 6 2 0 1 5
Verified
