0 1 6 7 2 8 9 10 3 4 5 11
0 1 6 7 8 2 3 9 10 4 11 5
0 1 6 7 8 2 9 3 10 4 5 11
0 6 1 2 7 8 3 9 10 11 4 5
0 6 1 7 2 3 8 9 4 10 11 5
0 6 1 7 2 8 3 9 4 5 10 11
0 6 1 7 2 8 9 3 4 10 11 5
0 6 1 7 2 8 9 3 10 4 11 5
0 6 1 7 2 8 9 3 10 11 4 5
0 6 1 7 2 8 9 10 3 4 11 5
0 6 1 7 8 2 3 9 4 5 10 11
0 6 1 7 8 2 3 9 10 4 5 11
0 6 1 7 8 2 9 3 4 10 11 5
0 6 7 1 2 3 8 9 10 11 4 5
0 6 7 1 2 8 9 3 4 5 10 11
0 6 7 1 2 8 9 3 10 4 11 5
0 6 7 1 2 8 9 3 10 11 4 5
0 6 7 1 2 8 9 10 3 4 11 5
0 6 7 1 8 2 3 9 4 5 10 11
0 6 7 1 8 2 9 3 10 4 5 11
0 6 7 1 8 2 9 3 10 4 11 5
0 6 7 1 8 2 9 3 10 11 4 5
0 6 7 1 8 2 9 10 3 4 5 11
0 6 7 1 8 2 9 10 3 4 11 5
0 6 7 1 8 2 9 10 3 11 4 5
0 6 7 1 8 2 9 10 11 3 4 5
0 6 7 1 8 9 2 3 4 10 11 5
0 6 7 1 8 9 2 3 10 4 5 11
0 6 7 1 8 9 2 3 10 4 11 5
0 6 7 1 8 9 2 3 10 11 4 5
0 6 7 1 8 9 2 10 3 4 5 11
0 6 7 1 8 9 2 10 3 4 11 5
0 6 7 1 8 9 2 10 3 11 4 5
0 6 7 1 8 9 2 10 11 3 4 5
0 6 7 1 8 9 10 2 3 4 5 11
0 6 7 1 8 9 10 2 3 4 11 5
0 6 7 1 8 9 10 2 3 11 4 5
0 6 7 1 8 9 10 2 11 3 4 5
0 6 7 1 8 9 10 11 2 3 4 5
0 6 7 8 1 2 3 9 4 10 11 5
0 6 7 8 1 2 3 9 10 4 5 11
0 6 7 8 1 2 3 9 10 4 11 5
0 6 7 8 1 2 9 3 4 10 11 5
0 6 7 8 1 2 9 3 10 4 5 11
0 6 7 8 1 2 9 3 10 4 11 5
0 6 7 8 1 2 9 3 10 11 4 5
0 6 7 8 1 2 9 10 3 4 5 11
0 6 7 8 1 2 9 10 3 4 11 5
0 6 7 8 1 2 9 10 3 11 4 5
0 6 7 8 1 2 9 10 11 3 4 5
0 6 7 8 1 9 2 3 4 10 11 5
0 6 7 8 1 9 2 3 10 4 5 11
0 6 7 8 1 9 2 3 10 4 11 5
0 6 7 8 1 9 2 3 10 11 4 5
0 6 7 8 1 9 2 10 3 4 5 11
0 6 7 8 1 9 2 10 3 4 11 5
0 6 7 8 1 9 2 10 3 11 4 5
0 6 7 8 1 9 2 10 11 3 4 5
0 6 7 8 1 9 10 2 3 4 11 5
0 6 7 8 1 9 10 2 3 11 4 5
0 6 7 8 1 9 10 2 11 3 4 5
0 6 7 8 1 9 10 11 2 3 4 5
0 6 7 8 9 1 2 3 4 10 11 5
0 6 7 8 9 1 2 3 10 4 5 11
0 6 7 8 9 1 2 3 10 4 11 5
0 6 7 8 9 1 2 3 10 11 4 5
0 6 7 8 9 1 2 10 3 4 5 11
0 6 7 8 9 1 2 10 3 4 11 5
0 6 7 8 9 1 2 10 3 11 4 5
0 6 7 8 9 1 2 10 11 3 4 5
0 6 7 8 9 1 10 2 3 4 5 11
0 6 7 8 9 1 10 2 3 4 11 5
0 6 7 8 9 1 10 2 3 11 4 5
0 6 7 8 9 1 10 2 11 3 4 5
0 6 7 8 9 1 10 11 2 3 4 5
0 6 7 8 9 10 1 2 3 4 11 5
0 6 7 8 9 10 1 2 3 11 4 5
0 6 7 8 9 10 1 2 11 3 4 5
0 6 7 8 9 10 1 11 2 3 4 5
0 6 7 8 9 10 11 1 2 3 4 5
6 0 1 2 7 8 9 10 3 4 5 11
6 0 1 7 2 3 8 9 10 4 11 5
6 0 1 7 2 3 8 9 10 11 4 5
6 0 1 7 2 8 3 9 4 5 10 11
6 0 1 7 2 8 9 3 4 10 11 5
6 0 1 7 2 8 9 3 10 4 5 11
6 0 1 7 8 2 3 4 9 10 11 5
6 0 1 7 8 2 3 9 4 5 10 11
6 0 1 7 8 2 3 9 10 4 5 11
6 0 1 7 8 2 3 9 10 4 11 5
6 0 1 7 8 2 3 9 10 11 4 5
6 0 1 7 8 2 9 3 4 10 5 11
6 0 1 7 8 2 9 3 4 10 11 5
6 0 1 7 8 2 9 3 10 4 5 11
6 0 1 7 8 2 9 3 10 4 11 5
6 0 1 7 8 2 9 3 10 11 4 5
6 0 1 7 8 2 9 10 3 4 5 11
6 0 1 7 8 2 9 10 3 4 11 5
6 0 1 7 8 2 9 10 3 11 4 5
6 0 1 7 8 2 9 10 11 3 4 5
6 0 1 7 8 9 2 3 4 10 11 5
6 0 1 7 8 9 2 3 10 4 5 11
6 0 1 7 8 9 2 3 10 4 11 5
6 0 1 7 8 9 2 3 10 11 4 5
6 0 1 7 8 9 2 10 3 4 11 5
6 0 1 7 8 9 2 10 3 11 4 5
6 0 1 7 8 9 2 10 11 3 4 5
6 0 1 7 8 9 10 2 3 4 5 11
6 0 1 7 8 9 10 2 3 4 11 5
6 0 1 7 8 9 10 2 3 11 4 5
6 0 1 7 8 9 10 2 11 3 4 5
6 0 1 7 8 9 10 11 2 3 4 5
6 0 7 1 2 3 8 9 4 10 11 5
6 0 7 1 2 8 3 9 10 4 5 11
6 0 7 1 2 8 9 3 4 10 5 11
6 0 7 1 2 8 9 3 4 10 11 5
6 0 7 1 2 8 9 3 10 4 5 11
6 0 7 1 2 8 9 3 10 4 11 5
6 0 7 1 2 8 9 3 10 11 4 5
6 0 7 1 2 8 9 10 3 4 5 11
6 0 7 1 2 8 9 10 3 4 11 5
6 0 7 1 2 8 9 10 3 11 4 5
6 0 7 1 2 8 9 10 11 3 4 5
6 0 7 1 8 2 3 4 9 10 5 11
6 0 7 1 8 2 3 9 10 4 5 11
6 0 7 1 8 2 3 9 10 4 11 5
6 0 7 1 8 2 3 9 10 11 4 5
6 0 7 1 8 2 9 3 4 10 11 5
6 0 7 1 8 2 9 3 10 4 5 11
6 0 7 1 8 2 9 3 10 4 11 5
6 0 7 1 8 2 9 3 10 11 4 5
6 0 7 1 8 2 9 10 3 4 5 11
6 0 7 1 8 2 9 10 3 4 11 5
6 0 7 1 8 2 9 10 3 11 4 5
6 0 7 1 8 2 9 10 11 3 4 5
6 0 7 1 8 9 2 3 4 10 11 5
6 0 7 1 8 9 2 3 10 4 5 11
6 0 7 1 8 9 2 3 10 4 11 5
6 0 7 1 8 9 2 3 10 11 4 5
6 0 7 1 8 9 2 10 3 4 5 11
6 0 7 1 8 9 2 10 3 4 11 5
6 0 7 1 8 9 2 10 3 11 4 5
6 0 7 1 8 9 2 10 11 3 4 5
6 0 7 1 8 9 10 2 3 4 5 11
6 0 7 1 8 9 10 2 3 4 11 5
6 0 7 1 8 9 10 2 3 11 4 5
6 0 7 1 8 9 10 2 11 3 4 5
6 0 7 1 8 9 10 11 2 3 4 5
6 0 7 8 1 2 3 9 4 10 5 11
6 0 7 8 1 2 3 9 10 4 5 11
6 0 7 8 1 2 3 9 10 4 11 5
6 0 7 8 1 2 3 9 10 11 4 5
6 0 7 8 1 2 9 3 4 10 11 5
6 0 7 8 1 2 9 3 10 4 5 11
6 0 7 8 1 2 9 3 10 4 11 5
6 0 7 8 1 2 9 3 10 11 4 5
6 0 7 8 1 2 9 10 3 4 5 11
6 0 7 8 1 2 9 10 3 4 11 5
6 0 7 8 1 2 9 10 3 11 4 5
6 0 7 8 1 2 9 10 11 3 4 5
6 0 7 8 1 9 2 3 4 10 11 5
6 0 7 8 1 9 2 3 10 4 5 11
6 0 7 8 1 9 2 3 10 4 11 5
6 0 7 8 1 9 2 3 10 11 4 5
6 0 7 8 1 9 2 10 3 4 5 11
6 0 7 8 1 9 2 10 3 4 11 5
6 0 7 8 1 9 2 10 3 11 4 5
6 0 7 8 1 9 2 10 11 3 4 5
6 0 7 8 1 9 10 2 3 4 5 11
6 0 7 8 1 9 10 2 3 4 11 5
6 0 7 8 1 9 10 2 3 11 4 5
6 0 7 8 1 9 10 2 11 3 4 5
6 0 7 8 1 9 10 11 2 3 4 5
6 0 7 8 9 1 2 3 4 10 11 5
6 0 7 8 9 1 2 3 10 4 5 11
6 0 7 8 9 1 2 3 10 4 11 5
6 0 7 8 9 1 2 3 10 11 4 5
6 0 7 8 9 1 2 10 3 4 5 11
6 0 7 8 9 1 2 10 3 4 11 5
6 0 7 8 9 1 2 10 3 11 4 5
6 0 7 8 9 1 2 10 11 3 4 5
6 0 7 8 9 1 10 2 3 4 5 11
6 0 7 8 9 1 10 2 3 4 11 5
6 0 7 8 9 1 10 2 3 11 4 5
6 0 7 8 9 1 10 2 11 3 4 5
6 0 7 8 9 1 10 11 2 3 4 5
6 0 7 8 9 10 1 2 3 4 5 11
6 0 7 8 9 10 1 2 3 4 11 5
6 0 7 8 9 10 1 2 3 11 4 5
6 0 7 8 9 10 1 2 11 3 4 5
6 0 7 8 9 10 1 11 2 3 4 5
6 0 7 8 9 10 11 1 2 3 4 5
6 7 0 1 2 8 9 3 10 4 5 11
6 7 0 1 2 8 9 3 10 4 11 5
6 7 0 1 2 8 9 3 10 11 4 5
6 7 0 1 2 8 9 10 3 4 5 11
6 7 0 1 2 8 9 10 3 4 11 5
6 7 0 1 2 8 9 10 3 11 4 5
6 7 0 1 2 8 9 10 11 3 4 5
6 7 0 1 8 2 3 9 10 4 11 5
6 7 0 1 8 2 3 9 10 11 4 5
6 7 0 1 8 2 9 3 4 10 11 5
6 7 0 1 8 2 9 3 10 4 5 11
6 7 0 1 8 2 9 3 10 4 11 5
6 7 0 1 8 2 9 3 10 11 4 5
6 7 0 1 8 2 9 10 3 4 5 11
6 7 0 1 8 2 9 10 3 4 11 5
6 7 0 1 8 2 9 10 3 11 4 5
6 7 0 1 8 2 9 10 11 3 4 5
6 7 0 1 8 9 2 3 4 10 11 5
6 7 0 1 8 9 2 3 10 4 5 11
6 7 0 1 8 9 2 3 10 4 11 5
6 7 0 1 8 9 2 3 10 11 4 5
6 7 0 1 8 9 2 10 3 4 5 11
6 7 0 1 8 9 2 10 3 4 11 5
6 7 0 1 8 9 2 10 3 11 4 5
6 7 0 1 8 9 2 10 11 3 4 5
6 7 0 1 8 9 10 2 3 4 5 11
6 7 0 1 8 9 10 2 3 4 11 5
6 7 0 1 8 9 10 2 3 11 4 5
6 7 0 1 8 9 10 2 11 3 4 5
6 7 0 1 8 9 10 11 2 3 4 5
6 7 0 8 1 2 3 9 10 4 11 5
6 7 0 8 1 2 3 9 10 11 4 5
6 7 0 8 1 2 9 3 4 10 11 5
6 7 0 8 1 2 9 3 10 4 5 11
6 7 0 8 1 2 9 3 10 4 11 5
6 7 0 8 1 2 9 3 10 11 4 5
6 7 0 8 1 2 9 10 3 4 5 11
6 7 0 8 1 2 9 10 3 4 11 5
6 7 0 8 1 2 9 10 3 11 4 5
6 7 0 8 1 2 9 10 11 3 4 5
6 7 0 8 1 9 2 3 4 10 11 5
6 7 0 8 1 9 2 3 10 4 5 11
6 7 0 8 1 9 2 3 10 4 11 5
6 7 0 8 1 9 2 3 10 11 4 5
6 7 0 8 1 9 2 10 3 4 5 11
6 7 0 8 1 9 2 10 3 4 11 5
6 7 0 8 1 9 2 10 3 11 4 5
6 7 0 8 1 9 2 10 11 3 4 5
6 7 0 8 1 9 10 2 3 4 5 11
6 7 0 8 1 9 10 2 3 4 11 5
6 7 0 8 1 9 10 2 3 11 4 5
6 7 0 8 1 9 10 2 11 3 4 5
6 7 0 8 1 9 10 11 2 3 4 5
6 7 0 8 9 1 2 3 4 10 11 5
6 7 0 8 9 1 2 3 10 4 5 11
6 7 0 8 9 1 2 3 10 4 11 5
6 7 0 8 9 1 2 3 10 11 4 5
6 7 0 8 9 1 2 10 3 4 5 11
6 7 0 8 9 1 2 10 3 4 11 5
6 7 0 8 9 1 2 10 3 11 4 5
6 7 0 8 9 1 2 10 11 3 4 5
6 7 0 8 9 1 10 2 3 4 5 11
6 7 0 8 9 1 10 2 3 4 11 5
6 7 0 8 9 1 10 2 3 11 4 5
6 7 0 8 9 1 10 2 11 3 4 5
6 7 0 8 9 1 10 11 2 3 4 5
6 7 0 8 9 10 1 2 3 4 5 11
6 7 0 8 9 10 1 2 3 4 11 5
6 7 0 8 9 10 1 2 3 11 4 5
6 7 0 8 9 10 1 2 11 3 4 5
6 7 0 8 9 10 1 11 2 3 4 5
6 7 0 8 9 10 11 1 2 3 4 5
6 7 8 0 1 2 3 9 10 4 11 5
6 7 8 0 1 2 3 9 10 11 4 5
6 7 8 0 1 2 9 3 4 10 11 5
6 7 8 0 1 2 9 3 10 4 5 11
6 7 8 0 1 2 9 3 10 4 11 5
6 7 8 0 1 2 9 3 10 11 4 5
6 7 8 0 1 2 9 10 3 4 5 11
6 7 8 0 1 2 9 10 3 4 11 5
6 7 8 0 1 2 9 10 3 11 4 5
6 7 8 0 1 2 9 10 11 3 4 5
6 7 8 0 1 9 2 3 4 10 11 5
6 7 8 0 1 9 2 3 10 4 5 11
6 7 8 0 1 9 2 3 10 4 11 5
6 7 8 0 1 9 2 3 10 11 4 5
6 7 8 0 1 9 2 10 3 4 5 11
6 7 8 0 1 9 2 10 3 4 11 5
6 7 8 0 1 9 2 10 3 11 4 5
6 7 8 0 1 9 2 10 11 3 4 5
6 7 8 0 1 9 10 2 3 4 5 11
6 7 8 0 1 9 10 2 3 4 11 5
6 7 8 0 1 9 10 2 3 11 4 5
6 7 8 0 1 9 10 2 11 3 4 5
6 7 8 0 1 9 10 11 2 3 4 5
6 7 8 0 9 1 2 3 4 10 11 5
6 7 8 0 9 1 2 3 10 4 5 11
6 7 8 0 9 1 2 3 10 4 11 5
6 7 8 0 9 1 2 3 10 11 4 5
6 7 8 0 9 1 2 10 3 4 5 11
6 7 8 0 9 1 2 10 3 4 11 5
6 7 8 0 9 1 2 10 3 11 4 5
6 7 8 0 9 1 2 10 11 3 4 5
6 7 8 0 9 1 10 2 3 4 5 11
6 7 8 0 9 1 10 2 3 4 11 5
6 7 8 0 9 1 10 2 3 11 4 5
6 7 8 0 9 1 10 2 11 3 4 5
6 7 8 0 9 1 10 11 2 3 4 5
6 7 8 0 9 10 1 2 3 4 5 11
6 7 8 0 9 10 1 2 3 4 11 5
6 7 8 0 9 10 1 2 3 11 4 5
6 7 8 0 9 10 1 2 11 3 4 5
6 7 8 0 9 10 1 11 2 3 4 5
6 7 8 0 9 10 11 1 2 3 4 5
6 7 8 9 0 1 2 3 4 10 11 5
6 7 8 9 0 1 2 3 10 4 5 11
6 7 8 9 0 1 2 3 10 4 11 5
6 7 8 9 0 1 2 3 10 11 4 5
6 7 8 9 0 1 2 10 3 4 5 11
6 7 8 9 0 1 2 10 3 4 11 5
6 7 8 9 0 1 2 10 3 11 4 5
6 7 8 9 0 1 2 10 11 3 4 5
6 7 8 9 0 1 10 2 3 4 5 11
6 7 8 9 0 1 10 2 3 4 11 5
6 7 8 9 0 1 10 2 3 11 4 5
6 7 8 9 0 1 10 2 11 3 4 5
6 7 8 9 0 1 10 11 2 3 4 5
6 7 8 9 0 10 1 2 3 4 5 11
6 7 8 9 0 10 1 2 3 4 11 5
6 7 8 9 0 10 1 2 3 11 4 5
6 7 8 9 0 10 1 2 11 3 4 5
6 7 8 9 0 10 1 11 2 3 4 5
6 7 8 9 0 10 11 1 2 3 4 5
6 7 8 9 10 0 1 2 3 4 5 11
6 7 8 9 10 0 1 2 3 4 11 5
6 7 8 9 10 0 1 2 3 11 4 5
6 7 8 9 10 0 1 2 11 3 4 5
6 7 8 9 10 0 1 11 2 3 4 5
6 7 8 9 10 0 11 1 2 3 4 5
6 7 8 9 10 11 0 1 2 3 4 5
