0 1 5 6 7 2 3 8 4 9
0 5 1 2 6 7 3 8 9 4
0 5 1 6 2 7 8 3 9 4
0 5 1 6 7 8 2 3 4 9
0 5 6 1 2 7 3 8 9 4
0 5 6 1 2 7 8 3 9 4
0 5 6 1 7 2 3 8 9 4
0 5 6 1 7 2 8 3 4 9
0 5 6 1 7 2 8 3 9 4
0 5 6 1 7 2 8 9 3 4
0 5 6 1 7 8 2 3 4 9
0 5 6 1 7 8 2 3 9 4
0 5 6 1 7 8 2 9 3 4
0 5 6 1 7 8 9 2 3 4
0 5 6 7 1 2 3 4 8 9
0 5 6 7 1 2 3 8 9 4
0 5 6 7 1 2 8 3 4 9
0 5 6 7 1 2 8 3 9 4
0 5 6 7 1 2 8 9 3 4
0 5 6 7 1 8 2 3 4 9
0 5 6 7 1 8 2 3 9 4
0 5 6 7 1 8 2 9 3 4
0 5 6 7 1 8 9 2 3 4
0 5 6 7 8 1 2 3 4 9
0 5 6 7 8 1 2 3 9 4
0 5 6 7 8 1 2 9 3 4
0 5 6 7 8 1 9 2 3 4
0 5 6 7 8 9 1 2 3 4
5 0 1 6 7 2 8 3 9 4
5 0 1 6 7 2 8 9 3 4
5 0 1 6 7 8 2 3 9 4
5 0 1 6 7 8 2 9 3 4
5 0 1 6 7 8 9 2 3 4
5 0 6 1 2 7 3 8 4 9
5 0 6 1 2 7 8 3 4 9
5 0 6 1 2 7 8 3 9 4
5 0 6 1 2 7 8 9 3 4
5 0 6 1 7 2 3 8 9 4
5 0 6 1 7 2 8 3 4 9
5 0 6 1 7 2 8 3 9 4
5 0 6 1 7 2 8 9 3 4
5 0 6 1 7 8 2 3 4 9
5 0 6 1 7 8 2 3 9 4
5 0 6 1 7 8 2 9 3 4
5 0 6 1 7 8 9 2 3 4
5 0 6 7 1 2 3 8 9 4
5 0 6 7 1 2 8 3 4 9
5 0 6 7 1 2 8 3 9 4
5 0 6 7 1 2 8 9 3 4
5 0 6 7 1 8 2 3 4 9
5 0 6 7 1 8 2 3 9 4
5 0 6 7 1 8 2 9 3 4
5 0 6 7 1 8 9 2 3 4
5 0 6 7 8 1 2 3 4 9
5 0 6 7 8 1 2 3 9 4
5 0 6 7 8 1 2 9 3 4
5 0 6 7 8 1 9 2 3 4
5 0 6 7 8 9 1 2 3 4
5 6 0 1 2 7 8 3 9 4
5 6 0 1 2 7 8 9 3 4
5 6 0 1 7 2 3 8 9 4
5 6 0 1 7 2 8 3 4 9
5 6 0 1 7 2 8 3 9 4
5 6 0 1 7 2 8 9 3 4
5 6 0 1 7 8 2 3 4 9
5 6 0 1 7 8 2 3 9 4
5 6 0 1 7 8 2 9 3 4
5 6 0 1 7 8 9 2 3 4
5 6 0 7 1 2 3 8 9 4
5 6 0 7 1 2 8 3 4 9
5 6 0 7 1 2 8 3 9 4
5 6 0 7 1 2 8 9 3 4
5 6 0 7 1 8 2 3 4 9
5 6 0 7 1 8 2 3 9 4
5 6 0 7 1 8 2 9 3 4
5 6 0 7 1 8 9 2 3 4
5 6 0 7 8 1 2 3 4 9
5 6 0 7 8 1 2 3 9 4
5 6 0 7 8 1 2 9 3 4
5 6 0 7 8 1 9 2 3 4
5 6 0 7 8 9 1 2 3 4
5 6 7 0 1 2 3 8 9 4
5 6 7 0 1 2 8 3 4 9
5 6 7 0 1 2 8 3 9 4
5 6 7 0 1 2 8 9 3 4
5 6 7 0 1 8 2 3 4 9
5 6 7 0 1 8 2 3 9 4
5 6 7 0 1 8 2 9 3 4
5 6 7 0 1 8 9 2 3 4
5 6 7 0 8 1 2 3 4 9
5 6 7 0 8 1 2 3 9 4
5 6 7 0 8 1 2 9 3 4
5 6 7 0 8 1 9 2 3 4
5 6 7 0 8 9 1 2 3 4
5 6 7 8 0 1 2 3 4 9
5 6 7 8 0 1 2 3 9 4
5 6 7 8 0 1 2 9 3 4
5 6 7 8 0 1 9 2 3 4
5 6 7 8 0 9 1 2 3 4
5 6 7 8 9 0 1 2 3 4
