# Disagreements: 0 Counter()

8 9 10 0 1 2 3 4 5 6 7
8 9 0 10 1 2 3 4 5 6 7
8 9 0 1 10 2 3 4 5 6 7
8 9 0 1 2 10 3 4 5 6 7
8 9 0 1 2 3 10 4 5 6 7
8 9 0 1 2 3 4 10 5 6 7
8 9 0 1 2 3 4 5 10 6 7
8 9 0 1 2 3 4 5 6 10 7
8 9 0 1 2 3 4 5 6 7 10
8 0 9 10 1 2 3 4 5 6 7
8 0 9 1 10 2 3 4 5 6 7
8 0 9 1 2 10 3 4 5 6 7
8 0 9 1 2 3 10 4 5 6 7
8 0 9 1 2 3 4 10 5 6 7
8 0 9 1 2 3 4 5 10 6 7
8 0 9 1 2 3 4 5 6 10 7
8 0 9 1 2 3 4 5 6 7 10
8 0 1 9 10 2 3 4 5 6 7
8 0 1 9 2 10 3 4 5 6 7
8 0 1 9 2 3 10 4 5 6 7
8 0 1 9 2 3 4 10 5 6 7
8 0 1 9 2 3 4 5 10 6 7
8 0 1 9 2 3 4 5 6 10 7
8 0 1 9 2 3 4 5 6 7 10
8 0 1 2 9 10 3 4 5 6 7
8 0 1 2 9 3 10 4 5 6 7
8 0 1 2 9 3 4 10 5 6 7
8 0 1 2 9 3 4 5 10 6 7
8 0 1 2 9 3 4 5 6 10 7
8 0 1 2 9 3 4 5 6 7 10
8 0 1 2 3 9 10 4 5 6 7
8 0 1 2 3 9 4 10 5 6 7
8 0 1 2 3 9 4 5 10 6 7
8 0 1 2 3 9 4 5 6 10 7
8 0 1 2 3 9 4 5 6 7 10
8 0 1 2 3 4 9 10 5 6 7
8 0 1 2 3 4 9 5 10 6 7
8 0 1 2 3 4 9 5 6 10 7
8 0 1 2 3 4 9 5 6 7 10
8 0 1 2 3 4 5 9 10 6 7
8 0 1 2 3 4 5 9 6 10 7
8 0 1 2 3 4 5 9 6 7 10
8 0 1 2 3 4 5 6 9 10 7
8 0 1 2 3 4 5 6 10 7 9
8 0 1 2 3 4 5 6 7 9 10
0 8 9 10 1 2 3 4 5 6 7
0 8 9 1 10 2 3 4 5 6 7
0 8 9 1 2 10 3 4 5 6 7
0 8 9 1 2 3 10 4 5 6 7
0 8 9 1 2 3 4 10 5 6 7
0 8 9 1 2 3 4 5 10 6 7
0 8 9 1 2 3 4 5 6 10 7
0 8 9 1 2 3 4 5 6 7 10
0 8 1 9 10 2 3 4 5 6 7
0 8 1 9 2 10 3 4 5 6 7
0 8 1 9 2 3 10 4 5 6 7
0 8 1 9 2 3 4 10 5 6 7
0 8 1 9 2 3 4 5 10 6 7
0 8 1 9 2 3 4 5 6 10 7
0 8 1 9 2 3 4 5 6 7 10
0 8 1 2 9 10 3 4 5 6 7
0 8 1 2 9 3 10 4 5 6 7
0 8 1 2 9 3 4 10 5 6 7
0 8 1 2 9 3 4 5 10 6 7
0 8 1 2 9 3 4 5 6 10 7
0 8 1 2 9 3 4 5 6 7 10
0 8 1 2 3 9 10 4 5 6 7
0 8 1 2 3 9 4 10 5 6 7
0 8 1 2 3 9 4 5 10 6 7
0 8 1 2 3 9 4 5 6 10 7
0 8 1 2 3 9 4 5 6 7 10
0 8 1 2 3 4 9 10 5 6 7
0 8 1 2 3 4 9 5 10 6 7
0 8 1 2 3 4 9 5 6 10 7
0 8 1 2 3 4 9 5 6 7 10
0 8 1 2 3 4 5 9 10 6 7
0 8 1 2 3 4 5 9 6 10 7
0 8 1 2 3 4 5 9 6 7 10
0 8 1 2 3 4 5 6 9 10 7
0 8 1 2 3 4 5 6 9 7 10
1 8 5 2 6 7 0 4 3 9 10
0 1 8 9 10 2 3 4 5 6 7
0 1 8 9 2 10 3 4 5 6 7
0 1 8 9 2 3 10 4 5 6 7
0 1 8 9 2 3 4 10 5 6 7
0 1 8 9 2 3 4 5 10 6 7
0 1 8 9 2 3 4 5 6 10 7
0 1 8 9 2 3 4 5 6 7 10
0 1 8 2 9 10 3 4 5 6 7
0 1 8 2 9 3 10 4 5 6 7
0 1 8 2 9 3 4 10 5 6 7
0 1 8 2 9 3 4 5 10 6 7
0 1 8 2 9 3 4 5 6 10 7
0 1 8 2 9 3 4 5 6 7 10
0 1 8 2 3 9 10 4 5 6 7
0 1 8 2 3 9 4 10 5 6 7
0 1 8 2 3 9 4 5 10 6 7
0 1 8 2 3 9 4 5 6 10 7
0 1 8 2 3 9 4 5 6 7 10
0 1 8 2 3 4 9 10 5 6 7
0 1 8 2 3 4 9 5 10 6 7
0 1 8 2 3 4 9 5 6 10 7
0 1 8 2 3 4 9 5 6 7 10
0 1 8 2 3 4 5 9 10 6 7
0 1 8 2 3 4 5 9 6 10 7
0 1 8 2 3 4 5 9 6 7 10
0 1 8 2 3 4 5 6 9 10 7
0 1 8 2 3 4 5 6 9 7 10
5 6 8 2 0 4 1 3 7 9 10
0 1 2 8 9 10 3 4 5 6 7
0 1 2 8 9 3 10 4 5 6 7
0 1 2 8 9 3 4 10 5 6 7
0 1 2 8 9 3 4 5 10 6 7
0 1 2 8 9 3 4 5 6 10 7
0 1 2 8 9 3 4 5 6 7 10
0 1 2 8 3 9 10 4 5 6 7
0 1 2 8 3 9 4 10 5 6 7
0 1 2 8 3 9 4 5 10 6 7
0 1 2 8 3 9 4 5 6 10 7
0 1 2 8 3 9 4 5 6 7 10
0 1 2 8 3 4 9 10 5 6 7
0 1 2 8 3 4 9 5 10 6 7
0 1 2 8 3 4 9 5 6 10 7
0 1 2 8 3 4 9 5 6 7 10
0 1 2 8 3 4 5 9 10 6 7
0 1 2 8 3 4 5 9 6 10 7
0 1 2 8 3 4 5 9 6 7 10
0 1 2 8 3 4 5 6 9 10 7
0 1 2 9 3 4 5 6 10 7 8
0 1 2 8 3 4 5 6 7 9 10
0 1 2 3 8 9 10 4 5 6 7
0 1 2 3 8 9 4 10 5 6 7
0 1 2 3 8 9 4 5 10 6 7
0 1 2 3 8 9 4 5 6 10 7
0 1 2 3 8 9 4 5 6 7 10
0 1 2 3 8 4 9 10 5 6 7
0 1 2 3 8 4 9 5 10 6 7
0 1 2 3 8 4 9 5 6 10 7
0 1 2 3 8 4 9 5 6 7 10
0 1 2 3 8 4 5 9 10 6 7
0 1 2 3 8 4 5 9 6 10 7
0 1 2 3 8 4 5 9 6 7 10
0 1 2 3 8 4 5 6 9 10 7
0 1 2 3 8 4 5 6 9 7 10
1 4 5 7 8 2 3 6 0 9 10
0 1 2 3 4 8 9 10 5 6 7
0 1 2 3 4 8 9 5 10 6 7
0 1 2 3 4 8 9 5 6 10 7
0 1 2 3 4 8 9 5 6 7 10
0 1 2 3 4 8 5 9 10 6 7
0 1 2 3 4 8 5 9 6 10 7
0 1 2 3 4 8 5 9 6 7 10
0 1 2 3 4 8 5 6 9 10 7
0 1 2 3 4 8 5 6 9 7 10
7 2 0 6 3 8 4 1 5 9 10
0 1 2 3 4 5 8 9 10 6 7
0 1 2 3 4 5 8 9 6 10 7
0 1 2 3 4 5 9 10 6 7 8
0 1 2 3 4 5 10 6 9 8 7
3 2 4 1 0 6 9 5 8 7 10
0 1 2 3 4 5 9 6 7 8 10
0 1 2 3 4 5 6 8 9 10 7
0 1 2 3 4 5 6 8 9 7 10
3 4 0 1 6 5 2 8 7 9 10
5 0 7 6 4 2 1 3 10 9 8
