# Disagreements: 0 Counter()

9 10 11 0 1 2 3 4 5 6 7 8
9 10 0 11 1 2 3 4 5 6 7 8
9 10 0 1 11 2 3 4 5 6 7 8
9 10 0 1 2 11 3 4 5 6 7 8
9 10 0 1 2 3 11 4 5 6 7 8
9 10 0 1 2 3 4 11 5 6 7 8
9 10 0 1 2 3 4 5 11 6 7 8
9 10 0 1 2 3 4 5 6 11 7 8
9 10 0 1 2 3 4 5 6 7 11 8
9 10 0 1 2 3 4 5 6 7 8 11
9 0 10 11 1 2 3 4 5 6 7 8
9 0 10 1 11 2 3 4 5 6 7 8
9 0 10 1 2 11 3 4 5 6 7 8
9 0 10 1 2 3 11 4 5 6 7 8
9 0 10 1 2 3 4 11 5 6 7 8
9 0 10 1 2 3 4 5 11 6 7 8
9 0 10 1 2 3 4 5 6 11 7 8
9 0 10 1 2 3 4 5 6 7 11 8
9 0 10 1 2 3 4 5 6 7 8 11
9 0 1 10 11 2 3 4 5 6 7 8
9 0 1 10 2 11 3 4 5 6 7 8
9 0 1 10 2 3 11 4 5 6 7 8
9 0 1 10 2 3 4 11 5 6 7 8
9 0 1 10 2 3 4 5 11 6 7 8
9 0 1 10 2 3 4 5 6 11 7 8
9 0 1 10 2 3 4 5 6 7 11 8
9 0 1 10 2 3 4 5 6 7 8 11
9 0 1 2 10 11 3 4 5 6 7 8
9 0 1 2 10 3 11 4 5 6 7 8
9 0 1 2 10 3 4 11 5 6 7 8
9 0 1 2 10 3 4 5 11 6 7 8
9 0 1 2 10 3 4 5 6 11 7 8
9 0 1 2 10 3 4 5 6 7 11 8
9 0 1 2 10 3 4 5 6 7 8 11
9 0 1 2 3 10 11 4 5 6 7 8
9 0 1 2 3 10 4 11 5 6 7 8
9 0 1 2 3 10 4 5 11 6 7 8
9 0 1 2 3 10 4 5 6 11 7 8
9 0 1 2 3 10 4 5 6 7 11 8
9 0 1 2 3 10 4 5 6 7 8 11
9 0 1 2 3 4 10 11 5 6 7 8
9 0 1 2 3 4 10 5 11 6 7 8
9 0 1 2 3 4 10 5 6 11 7 8
9 0 1 2 3 4 10 5 6 7 11 8
9 0 1 2 3 4 10 5 6 7 8 11
9 0 1 2 3 4 5 10 11 6 7 8
9 0 1 2 3 4 5 10 6 11 7 8
9 0 1 2 3 4 5 10 6 7 11 8
9 0 1 2 3 4 5 10 6 7 8 11
9 0 1 2 3 4 5 6 10 11 7 8
9 0 1 2 3 4 5 6 10 7 11 8
9 0 1 2 3 4 5 6 10 7 8 11
9 0 1 2 3 4 5 6 7 10 11 8
9 0 1 2 3 4 5 6 7 11 8 10
9 0 1 2 3 4 5 6 7 8 10 11
0 9 10 11 1 2 3 4 5 6 7 8
0 9 10 1 11 2 3 4 5 6 7 8
0 9 10 1 2 11 3 4 5 6 7 8
0 9 10 1 2 3 11 4 5 6 7 8
0 9 10 1 2 3 4 11 5 6 7 8
0 9 10 1 2 3 4 5 11 6 7 8
0 9 10 1 2 3 4 5 6 11 7 8
0 9 10 1 2 3 4 5 6 7 11 8
0 9 10 1 2 3 4 5 6 7 8 11
0 9 1 10 11 2 3 4 5 6 7 8
0 9 1 10 2 11 3 4 5 6 7 8
0 9 1 10 2 3 11 4 5 6 7 8
0 9 1 10 2 3 4 11 5 6 7 8
0 9 1 10 2 3 4 5 11 6 7 8
0 9 1 10 2 3 4 5 6 11 7 8
0 9 1 10 2 3 4 5 6 7 11 8
0 9 1 10 2 3 4 5 6 7 8 11
0 9 1 2 10 11 3 4 5 6 7 8
0 9 1 2 10 3 11 4 5 6 7 8
0 9 1 2 10 3 4 11 5 6 7 8
0 9 1 2 10 3 4 5 11 6 7 8
0 9 1 2 10 3 4 5 6 11 7 8
0 9 1 2 10 3 4 5 6 7 11 8
0 9 1 2 10 3 4 5 6 7 8 11
0 9 1 2 3 10 11 4 5 6 7 8
0 9 1 2 3 10 4 11 5 6 7 8
0 9 1 2 3 10 4 5 11 6 7 8
0 9 1 2 3 10 4 5 6 11 7 8
0 9 1 2 3 10 4 5 6 7 11 8
0 9 1 2 3 10 4 5 6 7 8 11
0 9 1 2 3 4 10 11 5 6 7 8
0 9 1 2 3 4 10 5 11 6 7 8
0 9 1 2 3 4 10 5 6 11 7 8
0 9 1 2 3 4 10 5 6 7 11 8
0 9 1 2 3 4 10 5 6 7 8 11
0 9 1 2 3 4 5 10 11 6 7 8
0 9 1 2 3 4 5 10 6 11 7 8
0 9 1 2 3 4 5 10 6 7 11 8
0 9 1 2 3 4 5 10 6 7 8 11
0 9 1 2 3 4 5 6 10 11 7 8
0 9 1 2 3 4 5 6 10 7 11 8
0 9 1 2 3 4 5 6 10 7 8 11
0 9 1 2 3 4 5 6 7 10 11 8
0 9 1 2 3 4 5 6 7 11 8 10
0 9 1 2 3 4 5 6 7 8 10 11
0 1 9 10 11 2 3 4 5 6 7 8
0 1 9 10 2 11 3 4 5 6 7 8
0 1 9 10 2 3 11 4 5 6 7 8
0 1 9 10 2 3 4 11 5 6 7 8
0 1 9 10 2 3 4 5 11 6 7 8
0 1 9 10 2 3 4 5 6 11 7 8
0 1 9 10 2 3 4 5 6 7 11 8
0 1 9 10 2 3 4 5 6 7 8 11
0 1 9 2 10 11 3 4 5 6 7 8
0 1 9 2 10 3 11 4 5 6 7 8
0 1 9 2 10 3 4 11 5 6 7 8
0 1 9 2 10 3 4 5 11 6 7 8
0 1 9 2 10 3 4 5 6 11 7 8
0 1 9 2 10 3 4 5 6 7 11 8
0 1 9 2 10 3 4 5 6 7 8 11
0 1 9 2 3 10 11 4 5 6 7 8
0 1 9 2 3 10 4 11 5 6 7 8
0 1 9 2 3 10 4 5 11 6 7 8
0 1 9 2 3 10 4 5 6 11 7 8
0 1 9 2 3 10 4 5 6 7 11 8
0 1 9 2 3 10 4 5 6 7 8 11
0 1 9 2 3 4 10 11 5 6 7 8
0 1 9 2 3 4 10 5 11 6 7 8
0 1 9 2 3 4 10 5 6 11 7 8
0 1 9 2 3 4 10 5 6 7 11 8
0 1 9 2 3 4 10 5 6 7 8 11
0 1 9 2 3 4 5 10 11 6 7 8
0 1 9 2 3 4 5 10 6 11 7 8
0 1 9 2 3 4 5 10 6 7 11 8
0 1 9 2 3 4 5 10 6 7 8 11
0 1 9 2 3 4 5 6 10 11 7 8
0 1 9 2 3 4 5 6 10 7 11 8
0 1 9 2 3 4 5 6 10 7 8 11
0 1 9 2 3 4 5 6 7 10 11 8
0 1 9 2 3 4 5 6 7 11 8 10
0 1 9 2 3 4 5 6 7 8 10 11
0 1 2 9 10 11 3 4 5 6 7 8
0 1 2 9 10 3 11 4 5 6 7 8
0 1 2 9 10 3 4 11 5 6 7 8
0 1 2 9 10 3 4 5 11 6 7 8
0 1 2 9 10 3 4 5 6 11 7 8
0 1 2 9 10 3 4 5 6 7 11 8
0 1 2 9 10 3 4 5 6 7 8 11
0 1 2 9 3 10 11 4 5 6 7 8
0 1 2 9 3 10 4 11 5 6 7 8
0 1 2 9 3 10 4 5 11 6 7 8
0 1 2 9 3 10 4 5 6 11 7 8
0 1 2 9 3 10 4 5 6 7 11 8
0 1 2 9 3 10 4 5 6 7 8 11
0 1 2 9 3 4 10 11 5 6 7 8
0 1 2 9 3 4 10 5 11 6 7 8
0 1 2 9 3 4 10 5 6 11 7 8
0 1 2 9 3 4 10 5 6 7 11 8
0 1 2 9 3 4 10 5 6 7 8 11
0 1 2 9 3 4 5 10 11 6 7 8
0 1 2 9 3 4 5 10 6 11 7 8
0 1 2 9 3 4 5 10 6 7 11 8
0 1 2 9 3 4 5 10 6 7 8 11
0 1 2 9 3 4 5 6 10 11 7 8
0 1 2 9 3 4 5 6 10 7 11 8
0 1 2 9 3 4 5 6 10 7 8 11
0 1 2 9 3 4 5 6 7 10 11 8
0 1 2 10 3 4 5 6 7 11 8 9
0 1 2 9 3 4 5 6 7 8 10 11
0 1 2 3 9 10 11 4 5 6 7 8
0 1 2 3 9 10 4 11 5 6 7 8
0 1 2 3 9 10 4 5 11 6 7 8
0 1 2 3 9 10 4 5 6 11 7 8
0 1 2 3 9 10 4 5 6 7 11 8
0 1 2 3 9 10 4 5 6 7 8 11
0 1 2 3 9 4 10 11 5 6 7 8
0 1 2 3 9 4 10 5 11 6 7 8
0 1 2 3 9 4 10 5 6 11 7 8
0 1 2 3 9 4 10 5 6 7 11 8
0 1 2 3 9 4 10 5 6 7 8 11
0 1 2 3 9 4 5 10 11 6 7 8
0 1 2 3 9 4 5 10 6 11 7 8
0 1 2 3 9 4 5 10 6 7 11 8
0 1 2 3 9 4 5 10 6 7 8 11
0 1 2 3 9 4 5 6 10 11 7 8
0 1 2 3 9 4 5 6 10 7 11 8
0 1 2 3 9 4 5 6 10 7 8 11
0 1 2 3 9 4 5 6 7 10 11 8
0 1 2 3 10 4 5 6 7 11 8 9
0 1 2 3 9 4 5 6 7 8 10 11
0 1 2 3 4 9 10 11 5 6 7 8
0 1 2 3 4 9 10 5 11 6 7 8
0 1 2 3 4 9 10 5 6 11 7 8
0 1 2 3 4 9 10 5 6 7 11 8
0 1 2 3 4 9 10 5 6 7 8 11
0 1 2 3 4 9 5 10 11 6 7 8
0 1 2 3 4 9 5 10 6 11 7 8
0 1 2 3 4 9 5 10 6 7 11 8
0 1 2 3 4 9 5 10 6 7 8 11
0 1 2 3 4 9 5 6 10 11 7 8
0 1 2 3 4 9 5 6 10 7 11 8
0 1 2 3 4 9 5 6 10 7 8 11
0 1 2 3 4 9 5 6 7 10 11 8
0 1 2 3 4 10 5 6 7 11 8 9
0 1 2 3 4 9 5 6 7 8 10 11
0 1 2 3 4 5 9 10 11 6 7 8
0 1 2 3 4 5 9 10 6 11 7 8
0 1 2 3 4 5 9 10 6 7 11 8
0 1 2 3 4 5 9 10 6 7 8 11
0 1 2 3 4 5 9 6 10 11 7 8
0 1 2 3 4 5 9 6 10 7 11 8
0 1 2 3 4 5 9 6 10 7 8 11
0 1 2 3 4 5 9 6 7 10 11 8
0 1 2 3 4 5 9 6 7 11 8 10
0 1 2 3 4 5 9 6 7 8 10 11
0 1 2 3 4 5 6 11 10 9 7 8
0 1 2 3 4 5 6 9 10 7 11 8
8 7 6 5 4 3 2 9 10 1 0 11
0 1 2 3 4 5 6 11 7 9 10 8
8 7 6 5 4 3 1 9 2 10 0 11
0 1 2 3 4 5 6 9 7 8 10 11
0 1 2 3 4 5 6 7 9 10 11 8
0 1 2 3 4 5 6 7 10 11 8 9
0 1 2 3 4 5 6 7 10 8 9 11
8 7 6 5 4 3 2 1 0 10 9 11
