# Disagreements: 0 Counter()

7 8 9 0 1 2 3 4 5 6
7 8 0 9 1 2 3 4 5 6
7 8 0 1 9 2 3 4 5 6
7 8 0 1 2 9 3 4 5 6
7 8 0 1 2 3 9 4 5 6
7 8 0 1 2 3 4 9 5 6
7 8 0 1 2 3 4 5 9 6
7 8 0 1 2 3 4 5 6 9
7 0 8 9 1 2 3 4 5 6
7 0 8 1 9 2 3 4 5 6
7 0 8 1 2 9 3 4 5 6
7 0 8 1 2 3 9 4 5 6
7 0 8 1 2 3 4 9 5 6
7 0 8 1 2 3 4 5 9 6
7 0 8 1 2 3 4 5 6 9
7 0 1 8 9 2 3 4 5 6
7 0 1 8 2 9 3 4 5 6
7 0 1 8 2 3 9 4 5 6
7 0 1 8 2 3 4 9 5 6
7 0 1 8 2 3 4 5 9 6
7 0 1 8 2 3 4 5 6 9
7 0 1 2 8 9 3 4 5 6
7 0 1 2 8 3 9 4 5 6
7 0 1 2 8 3 4 9 5 6
7 0 1 2 8 3 4 5 9 6
7 0 1 2 8 3 4 5 6 9
7 0 1 2 3 8 9 4 5 6
7 0 1 2 3 8 4 9 5 6
7 0 1 2 3 8 4 5 9 6
7 0 1 2 3 8 4 5 6 9
7 0 1 2 3 4 8 9 5 6
7 0 1 2 3 4 8 5 9 6
7 0 1 2 3 4 8 5 6 9
7 0 1 2 3 4 5 8 9 6
7 0 1 2 3 4 5 8 6 9
7 6 0 4 5 2 1 3 8 9
0 7 8 9 1 2 3 4 5 6
0 7 8 1 9 2 3 4 5 6
0 7 8 1 2 9 3 4 5 6
0 7 8 1 2 3 9 4 5 6
0 7 8 1 2 3 4 9 5 6
0 7 8 1 2 3 4 5 9 6
0 7 8 1 2 3 4 5 6 9
0 7 1 8 9 2 3 4 5 6
0 7 1 8 2 9 3 4 5 6
0 7 1 8 2 3 9 4 5 6
0 7 1 8 2 3 4 9 5 6
0 7 1 8 2 3 4 5 9 6
0 7 1 8 2 3 4 5 6 9
0 7 1 2 8 9 3 4 5 6
0 7 1 2 8 3 9 4 5 6
0 7 1 2 8 3 4 9 5 6
0 7 1 2 8 3 4 5 9 6
0 7 1 2 8 3 4 5 6 9
0 7 1 2 3 8 9 4 5 6
0 7 1 2 3 8 4 9 5 6
0 7 1 2 3 8 4 5 9 6
0 7 1 2 3 8 4 5 6 9
0 7 1 2 3 4 8 9 5 6
0 7 1 2 3 4 8 5 9 6
0 7 1 2 3 4 8 5 6 9
0 7 1 2 3 4 5 8 9 6
0 8 1 2 3 4 5 7 6 9
0 7 1 4 3 5 2 6 8 9
0 1 7 8 9 2 3 4 5 6
0 1 7 8 2 9 3 4 5 6
0 1 7 8 2 3 9 4 5 6
0 1 7 8 2 3 4 9 5 6
0 1 7 8 2 3 4 5 9 6
0 1 7 8 2 3 4 5 6 9
0 1 7 2 8 9 3 4 5 6
0 1 7 2 8 3 9 4 5 6
0 1 7 2 8 3 4 9 5 6
0 1 7 2 8 3 4 5 9 6
0 1 7 2 8 3 4 5 6 9
0 1 7 2 3 8 9 4 5 6
0 1 7 2 3 8 4 9 5 6
0 1 7 2 3 8 4 5 9 6
0 1 7 2 3 8 4 5 6 9
0 1 7 2 3 4 8 9 5 6
0 1 7 2 3 4 8 5 9 6
0 1 7 2 3 4 8 5 6 9
0 1 7 2 3 4 5 8 9 6
0 1 7 2 3 4 5 8 6 9
5 1 7 4 3 2 6 0 8 9
0 1 2 7 8 9 3 4 5 6
0 1 2 7 8 3 9 4 5 6
0 1 2 7 8 3 4 9 5 6
0 1 2 7 8 3 4 5 9 6
0 1 2 7 8 3 4 5 6 9
0 1 2 7 3 8 9 4 5 6
0 1 2 7 3 8 4 9 5 6
0 1 2 7 3 8 4 5 9 6
0 1 2 7 3 8 4 5 6 9
0 1 2 7 3 4 8 9 5 6
0 1 2 7 3 4 8 5 9 6
0 1 2 7 3 4 8 5 6 9
0 1 2 7 3 4 5 8 9 6
0 1 2 8 3 4 5 9 6 7
0 1 2 7 3 4 5 6 8 9
0 1 2 3 7 8 9 4 5 6
0 1 2 3 7 8 4 9 5 6
0 1 2 3 7 8 4 5 9 6
0 1 2 3 7 8 4 5 6 9
0 1 2 3 7 4 8 9 5 6
0 1 2 3 7 4 8 5 9 6
0 1 2 3 7 4 8 5 6 9
0 1 2 3 7 4 5 8 9 6
0 1 2 3 7 4 5 8 6 9
2 4 6 5 7 0 1 3 8 9
0 1 2 3 4 7 8 9 5 6
0 1 2 3 4 7 8 5 9 6
2 5 3 6 1 7 8 0 4 9
0 1 2 3 4 7 5 8 9 6
0 1 2 3 4 8 5 9 6 7
0 1 2 3 4 8 5 6 7 9
3 5 6 0 1 2 7 8 9 4
3 4 6 1 0 5 9 7 2 8
2 5 0 6 4 1 8 3 7 9
0 1 2 3 4 5 6 7 8 9
