# Disagreements: 0 Counter()

6 7 8 0 1 2 3 4 5
6 7 0 8 1 2 3 4 5
6 7 0 1 8 2 3 4 5
6 7 0 1 2 8 3 4 5
6 7 0 1 2 3 8 4 5
6 7 0 1 2 3 4 8 5
6 7 0 1 2 3 4 5 8
6 0 7 8 1 2 3 4 5
6 0 7 1 8 2 3 4 5
6 0 7 1 2 8 3 4 5
6 0 7 1 2 3 8 4 5
6 0 7 1 2 3 4 8 5
6 0 7 1 2 3 4 5 8
6 0 1 7 8 2 3 4 5
6 0 1 7 2 8 3 4 5
6 0 1 7 2 3 8 4 5
6 0 1 7 2 3 4 8 5
6 0 1 7 2 3 4 5 8
6 0 1 2 7 8 3 4 5
6 0 1 2 7 3 8 4 5
6 0 1 2 7 3 4 8 5
7 0 1 2 8 3 4 5 6
6 0 1 2 3 7 8 4 5
6 0 1 2 3 7 4 8 5
6 0 1 2 3 7 4 5 8
6 0 1 2 3 4 7 8 5
6 0 1 2 3 4 7 5 8
6 2 3 0 5 4 1 7 8
0 6 7 8 1 2 3 4 5
0 6 7 1 8 2 3 4 5
0 6 7 1 2 8 3 4 5
0 6 7 1 2 3 8 4 5
0 6 7 1 2 3 4 8 5
0 6 7 1 2 3 4 5 8
0 6 1 7 8 2 3 4 5
0 6 1 7 2 8 3 4 5
0 6 1 7 2 3 8 4 5
0 6 1 7 2 3 4 8 5
0 6 1 7 2 3 4 5 8
0 6 1 2 7 8 3 4 5
0 6 1 2 7 3 8 4 5
0 6 1 2 7 3 4 8 5
0 6 1 2 7 3 4 5 8
0 6 1 2 3 7 8 4 5
0 6 1 2 3 7 4 8 5
0 6 1 2 3 7 4 5 8
0 6 1 2 3 4 7 8 5
0 6 1 2 3 4 7 5 8
2 6 3 5 0 4 1 7 8
0 1 6 7 8 2 3 4 5
0 1 6 7 2 8 3 4 5
0 1 6 7 2 3 8 4 5
0 1 6 7 2 3 4 8 5
0 1 6 7 2 3 4 5 8
0 1 6 2 7 8 3 4 5
0 1 6 2 7 3 8 4 5
0 1 6 2 7 3 4 8 5
0 1 6 2 7 3 4 5 8
0 1 6 2 3 7 8 4 5
0 1 6 2 3 7 4 8 5
0 1 6 2 3 7 4 5 8
0 1 6 2 3 4 7 8 5
0 1 6 2 3 4 7 5 8
2 3 6 0 4 5 1 7 8
0 1 2 6 7 8 3 4 5
0 1 2 6 7 3 8 4 5
0 1 2 6 7 3 4 8 5
0 1 2 6 7 3 4 5 8
0 1 2 6 3 7 8 4 5
0 1 2 6 3 7 4 8 5
0 1 2 6 3 7 4 5 8
0 1 2 6 3 4 7 8 5
0 1 2 6 3 4 7 5 8
2 3 1 6 0 5 4 7 8
0 4 3 1 6 7 8 2 5
3 1 0 2 6 7 4 8 5
0 1 2 3 7 8 4 5 6
0 1 2 3 8 4 6 7 5
4 0 3 2 7 1 6 5 8
0 1 2 3 6 4 5 7 8
5 4 2 3 1 6 7 8 0
0 1 2 3 4 7 8 5 6
0 1 2 3 4 7 5 8 6
2 4 5 3 0 1 8 7 6
