# Disagreements: 115 Counter({1594: 7, 1407: 5, 1491: 5, 1575: 5, 1583: 5, 1637: 5, 1678: 5, 61: 4, 1405: 4, 166: 4, 1489: 4, 1573: 4, 1590: 4, 1631: 4, 1657: 4, 1674: 4, 62: 3, 755: 3, 1572: 3, 1582: 3, 81: 3, 1622: 3, 1659: 3, 1669: 3, 1673: 3, 1677: 3, 27: 2, 1539: 2, 1623: 2, 1649: 2, 1656: 2, 1666: 2, 75: 1, 76: 1, 45: 1, 333: 1, 615: 1, 783: 1, 1115: 1, 1155: 1, 0: 1, 1512: 1, 1404: 1, 1485: 1, 70: 1, 73: 1, 154: 1, 68: 1, 71: 1, 155: 1, 323: 1, 659: 1, 614: 1, 1338: 1, 1365: 1, 1454: 1, 82: 1, 83: 1, 251: 1, 419: 1, 526: 1, 1618: 1, 25: 1, 1621: 1, 26: 1, 1038: 1, 1626: 1, 32: 1, 1628: 1, 35: 1, 406: 1, 418: 1, 490: 1, 40: 1, 1636: 1, 41: 1, 461: 1, 497: 1, 587: 1, 835: 1, 215: 1, 1643: 1, 48: 1, 1644: 1, 892: 1, 1648: 1, 53: 1, 157: 1, 55: 1, 1651: 1, 58: 1, 1654: 1, 60: 1, 147: 1, 903: 1, 1071: 1, 826: 1, 1084: 1, 491: 1, 1667: 1, 72: 1, 1668: 1, 279: 1, 857: 1, 1342: 1, 1672: 1, 74: 1, 77: 1, 161: 1, 78: 1, 247: 1, 250: 1, 664: 1, 754: 1, 1588: 1})

6 7 8 5 4 3 2 1 0
7 8 0 6 1 2 3 5 4
6 7 0 1 8 2 3 4 5
7 6 0 1 2 8 3 4 5
6 7 0 1 2 3 8 4 5
6 8 0 1 2 3 4 7 5
7 8 0 1 2 5 4 3 6
6 0 7 8 1 2 3 4 5
6 0 7 1 8 2 3 4 5
6 0 7 1 2 8 3 4 5
8 0 7 1 2 3 6 4 5
6 0 7 1 2 3 4 8 5
6 0 7 1 2 3 5 4 8
6 0 1 7 8 2 4 3 5
6 0 1 7 2 8 3 4 5
6 0 1 7 2 3 8 4 5
6 0 1 7 2 3 4 8 5
6 0 1 8 2 3 5 4 7
8 0 1 2 7 6 3 4 5
6 0 1 2 7 3 8 4 5
6 0 1 2 7 4 3 8 5
6 0 1 2 7 3 5 4 8
6 0 1 2 3 7 8 4 5
8 0 1 2 3 7 4 6 5
6 0 1 2 3 7 4 5 8
6 0 1 2 3 4 7 8 5
6 0 1 2 3 4 8 5 7
6 1 5 0 4 3 2 7 8
0 7 8 6 1 2 5 3 4
0 6 7 1 8 2 5 3 4
0 6 7 1 2 8 5 3 4
0 6 7 1 2 3 8 5 4
0 6 7 1 2 3 4 8 5
0 6 7 3 4 5 2 1 8
0 6 1 7 8 2 5 3 4
0 6 1 7 2 8 5 3 4
0 7 1 6 2 3 8 5 4
0 6 1 8 2 3 5 7 4
0 6 1 8 5 2 4 3 7
0 8 1 3 6 7 2 5 4
0 6 1 2 7 3 8 4 5
0 6 1 2 8 4 3 7 5
0 6 1 3 7 2 4 5 8
0 6 1 3 5 7 8 2 4
0 6 1 5 2 8 4 7 3
0 6 1 2 3 7 4 5 8
0 6 1 2 3 4 8 7 5
0 6 1 5 2 3 7 4 8
0 6 1 2 3 4 5 8 7
0 1 6 7 8 2 3 4 5
0 1 6 7 2 8 3 4 5
0 1 6 7 2 3 8 4 5
0 1 6 7 2 3 4 8 5
0 1 8 6 2 3 4 5 7
0 1 6 2 7 8 3 4 5
0 1 6 2 7 3 8 4 5
0 1 6 2 7 3 4 8 5
0 1 8 2 6 3 4 5 7
0 1 6 2 3 7 8 4 5
0 1 8 2 4 7 5 6 3
0 1 8 2 3 7 4 5 6
0 1 6 2 3 4 7 8 5
0 1 8 2 3 4 6 5 7
0 2 6 5 4 3 1 7 8
0 1 2 6 7 8 3 4 5
0 1 2 7 6 3 8 4 5
0 1 2 6 7 4 3 8 5
0 1 2 6 7 3 4 5 8
0 1 2 8 3 6 7 4 5
0 1 2 6 3 7 4 8 5
0 1 2 6 3 7 5 4 8
0 1 2 6 4 5 7 8 3
0 1 2 6 3 4 7 5 8
0 1 2 6 3 5 4 7 8
0 1 2 3 7 6 8 4 5
0 1 2 3 7 8 4 6 5
0 1 2 3 7 8 4 5 6
0 1 2 4 7 5 6 8 3
0 1 2 3 7 4 6 5 8
0 1 2 3 7 5 4 8 6
0 1 2 3 4 7 8 6 5
0 1 2 3 4 6 7 5 8
0 1 2 3 4 7 5 8 6
2 0 3 1 5 4 7 8 6
7 8 6 0 1 3 4 5 2
6 8 0 7 1 3 4 2 5
6 7 0 1 8 3 4 5 2
6 7 0 1 3 8 4 5 2
6 7 0 1 3 4 8 5 2
7 6 0 1 5 2 4 8 3
6 7 0 1 5 2 3 4 8
7 0 8 6 1 3 4 5 2
6 0 7 1 8 3 4 5 2
6 0 7 1 3 8 4 5 2
6 0 7 1 3 5 8 4 2
6 0 7 1 4 5 3 8 2
6 0 7 1 3 5 2 4 8
7 0 1 6 8 3 4 5 2
6 0 1 8 3 7 4 5 2
6 0 1 7 3 4 8 5 2
6 0 1 7 4 5 3 8 2
6 0 1 8 3 5 2 4 7
6 0 1 3 7 8 4 5 2
6 0 1 3 7 4 8 5 2
6 0 1 3 7 5 4 8 2
6 0 1 3 7 5 2 4 8
7 0 1 3 4 8 6 5 2
6 0 1 3 4 7 5 8 2
7 0 1 3 4 8 5 2 6
6 0 1 4 5 3 7 8 2
6 0 1 3 4 5 7 2 8
6 0 2 3 4 5 1 7 8
0 6 7 8 1 3 2 4 5
0 6 7 1 8 3 2 5 4
0 8 7 1 3 6 2 4 5
0 6 7 1 3 4 8 2 5
0 6 7 2 4 3 1 8 5
0 6 8 5 1 3 2 4 7
0 6 1 7 8 5 2 4 3
0 6 2 7 3 8 5 4 1
0 6 1 7 3 4 8 2 5
0 6 4 7 1 2 3 8 5
0 6 2 8 4 5 3 1 7
0 6 1 3 7 8 4 2 5
0 7 2 4 6 3 8 1 5
0 7 1 3 6 5 4 8 2
0 6 1 3 7 4 5 2 8
0 7 1 2 3 8 6 5 4
0 6 4 1 2 7 3 8 5
0 6 1 5 2 7 4 3 8
0 6 1 5 2 3 7 8 4
0 6 5 1 2 3 7 4 8
0 7 1 3 4 5 2 8 6
0 1 6 7 8 3 4 5 2
0 1 6 7 3 8 4 5 2
0 1 6 7 3 4 8 5 2
0 1 8 6 3 4 5 7 2
0 1 8 6 3 4 5 2 7
0 1 6 3 7 8 4 5 2
0 1 6 3 7 4 8 5 2
0 1 8 3 6 4 5 7 2
0 1 8 3 7 4 5 2 6
0 1 6 3 4 7 8 5 2
0 2 6 5 3 7 4 8 1
0 1 8 3 4 6 5 2 7
0 2 6 4 5 1 7 8 3
0 2 6 4 5 3 8 1 7
1 2 6 5 4 0 3 7 8
0 1 3 6 8 7 4 5 2
0 1 3 7 6 4 8 5 2
0 1 3 7 6 5 4 8 2
0 1 3 7 8 4 5 2 6
0 1 3 6 5 7 8 4 2
0 1 3 7 4 8 5 6 2
0 1 3 6 4 8 2 5 7
0 1 3 7 5 2 6 8 4
0 1 3 7 5 4 6 2 8
0 1 5 6 2 3 4 7 8
0 1 3 4 8 6 7 5 2
0 1 5 2 6 7 3 8 4
0 1 3 5 6 7 4 2 8
0 1 3 4 8 2 6 7 5
0 1 3 4 6 5 7 2 8
0 1 5 2 6 3 4 7 8
0 1 3 4 5 8 6 7 2
0 1 5 2 3 6 7 4 8
0 1 5 2 3 6 4 7 8
0 1 2 4 5 3 7 8 6
8 6 7 0 1 5 3 2 4
6 7 0 8 1 5 3 4 2
6 7 0 1 8 5 3 2 4
8 6 0 1 5 7 3 2 4
8 7 0 1 5 3 6 2 4
6 7 0 2 5 3 1 8 4
6 7 0 2 5 3 4 1 8
6 0 7 8 1 5 3 2 4
6 0 7 1 8 5 3 2 4
6 0 7 1 5 8 3 2 4
8 0 7 1 5 2 6 3 4
6 0 7 1 5 2 3 8 4
6 0 7 2 3 4 5 1 8
7 0 1 6 8 5 3 2 4
6 0 1 8 5 7 3 2 4
6 0 1 8 5 3 7 2 4
6 0 1 8 5 2 4 7 3
6 0 1 8 5 2 4 3 7
6 0 1 5 7 8 3 2 4
8 0 1 5 6 3 7 2 4
6 0 1 5 7 2 4 8 3
6 0 1 5 7 2 3 4 8
6 0 1 5 3 7 8 2 4
6 0 2 3 4 7 1 8 5
6 0 1 5 3 7 2 4 8
6 0 1 5 2 3 7 8 4
6 0 1 5 3 2 7 4 8
6 0 2 4 3 1 5 7 8
0 6 7 8 1 5 3 4 2
0 6 7 1 8 5 3 2 4
0 6 7 2 3 8 5 4 1
0 6 7 2 3 4 8 5 1
0 6 7 5 3 4 1 8 2
0 7 6 1 2 3 4 5 8
0 6 2 7 8 3 5 4 1
0 6 3 7 4 8 2 1 5
0 6 2 7 3 4 8 5 1
0 6 5 7 1 3 4 8 2
0 6 5 7 1 2 3 4 8
0 6 3 1 7 8 5 4 2
0 6 3 1 8 4 7 5 2
0 6 3 5 7 4 1 8 2
0 6 1 3 7 5 2 4 8
0 7 2 3 4 6 8 5 1
0 6 5 1 3 7 4 8 2
0 6 4 2 5 7 3 1 8
0 7 1 4 5 3 8 6 2
0 6 1 2 3 4 7 5 8
0 7 1 5 3 2 4 6 8
0 1 6 7 8 5 3 2 4
0 1 8 6 5 7 3 2 4
0 4 6 7 1 2 8 3 5
0 1 8 6 5 3 2 7 4
0 1 8 6 5 3 2 4 7
0 2 6 3 7 8 4 1 5
0 1 8 5 6 4 7 2 3
0 2 6 3 7 4 1 8 5
0 2 6 3 8 4 1 5 7
0 1 8 5 3 6 7 2 4
0 2 8 3 4 6 1 7 5
0 2 6 4 3 7 1 5 8
0 4 6 2 1 3 7 8 5
0 2 8 3 4 1 7 5 6
1 5 6 2 3 0 4 7 8
0 1 5 6 7 8 3 2 4
0 1 5 6 7 3 8 2 4
0 1 5 6 7 2 3 8 4
0 1 5 6 7 3 2 4 8
0 1 5 6 2 7 8 3 4
0 1 5 6 3 7 2 8 4
0 1 5 6 3 7 4 2 8
0 1 5 6 2 4 7 8 3
0 1 5 6 2 3 7 4 8
0 2 3 6 5 1 4 8 7
0 1 5 3 6 7 8 2 4
0 2 3 5 6 7 1 8 4
0 1 5 2 6 7 3 4 8
0 1 5 3 6 4 7 8 2
0 1 5 3 6 2 7 4 8
0 2 3 4 6 5 1 7 8
0 1 5 3 2 7 6 8 4
0 2 5 4 3 6 7 1 8
0 2 5 4 3 6 1 8 7
0 1 3 5 2 4 7 8 6
8 6 7 0 3 2 4 1 5
6 7 0 8 3 2 4 5 1
6 7 0 3 8 2 4 1 5
6 7 0 3 2 8 4 1 5
7 6 0 3 2 4 8 1 5
6 7 0 3 1 5 4 8 2
6 7 0 3 2 4 1 5 8
6 0 7 8 3 2 4 1 5
6 0 7 3 8 2 4 1 5
6 0 7 3 2 8 4 1 5
6 0 7 2 3 5 8 1 4
6 0 7 3 1 5 4 8 2
6 0 7 3 4 5 2 1 8
6 0 2 7 8 3 1 5 4
8 0 3 6 2 7 4 1 5
6 0 3 7 2 4 8 1 5
6 0 2 7 3 4 1 8 5
7 0 3 8 2 4 5 1 6
6 0 3 2 7 8 4 1 5
6 0 3 2 7 4 8 1 5
6 0 2 5 7 4 1 8 3
6 0 2 3 7 5 4 1 8
6 0 3 2 4 7 8 1 5
6 0 4 1 2 8 5 7 3
6 0 3 2 4 8 1 5 7
6 0 3 2 4 1 7 8 5
6 0 3 2 4 1 8 5 7
6 0 2 5 1 4 3 7 8
0 6 7 8 2 5 3 1 4
0 6 7 2 8 5 3 4 1
0 6 7 3 4 8 2 1 5
0 6 7 3 4 1 8 2 5
0 7 8 1 3 4 5 6 2
0 7 6 2 3 4 1 5 8
0 6 3 7 8 1 2 4 5
0 7 3 8 5 6 4 1 2
1 6 3 7 5 4 8 0 2
0 6 5 7 4 1 2 8 3
0 6 5 7 3 2 4 1 8
0 6 3 5 7 8 4 1 2
0 7 1 4 8 3 6 5 2
0 6 5 3 7 1 4 8 2
0 6 3 5 8 4 2 1 7
0 7 3 4 1 6 8 2 5
0 7 1 2 3 6 5 8 4
0 7 2 3 4 6 1 5 8
0 7 3 2 4 1 8 6 5
0 7 3 2 4 5 6 1 8
0 7 3 2 4 1 5 8 6
0 3 6 7 8 2 4 1 5
0 3 6 7 2 8 4 1 5
0 4 6 7 1 3 8 5 2
0 3 7 8 4 1 5 6 2
0 3 7 8 2 5 1 4 6
0 3 6 5 7 8 4 2 1
0 2 8 5 6 1 7 4 3
0 3 6 5 7 4 2 8 1
0 3 6 5 7 4 2 1 8
0 3 6 4 5 7 8 2 1
0 4 6 5 3 7 1 8 2
0 3 6 5 4 7 1 2 8
2 1 7 3 0 4 8 6 5
0 4 8 2 1 3 6 5 7
2 1 6 3 0 4 5 8 7
0 3 2 6 7 8 4 1 5
0 3 2 7 6 4 8 1 5
0 3 2 7 8 1 4 6 5
0 3 2 8 7 4 1 5 6
0 2 3 6 5 7 8 1 4
0 4 1 8 2 6 3 7 5
0 3 2 8 4 7 5 1 6
0 3 2 8 1 4 6 7 5
0 2 3 6 5 1 7 4 8
0 2 3 7 4 5 1 6 8
0 3 2 4 8 6 7 1 5
0 2 5 4 6 7 3 8 1
0 2 3 5 7 6 1 4 8
0 3 4 5 8 1 7 6 2
0 3 4 1 6 5 7 2 8
0 4 2 1 6 5 3 7 8
0 3 4 1 5 7 6 8 2
0 4 1 2 3 7 6 5 8
0 4 1 2 3 7 5 8 6
0 2 5 3 4 1 7 8 6
6 7 8 0 3 4 1 5 2
7 6 0 8 3 4 1 2 5
6 7 0 3 8 4 1 5 2
7 6 0 3 4 8 1 5 2
6 7 0 3 4 1 8 5 2
6 7 0 4 1 2 3 8 5
8 6 0 4 1 5 3 2 7
6 0 7 8 3 4 1 5 2
6 0 8 3 7 4 1 5 2
7 0 6 3 4 8 1 5 2
6 0 7 3 5 2 8 4 1
6 0 7 3 2 4 1 8 5
6 0 7 3 5 2 1 4 8
6 0 3 7 8 4 5 2 1
8 0 3 6 4 7 1 5 2
6 0 3 7 4 1 8 5 2
6 0 3 8 1 4 5 7 2
6 0 4 8 1 2 3 5 7
6 0 3 4 7 8 1 5 2
6 0 3 4 7 1 8 5 2
6 0 3 2 7 1 4 8 5
6 0 3 4 7 2 5 1 8
7 0 3 4 1 6 8 5 2
6 0 4 1 5 7 3 8 2
6 0 4 1 2 8 5 3 7
6 0 4 1 2 5 7 8 3
6 0 3 4 1 5 7 2 8
6 0 4 1 2 3 5 7 8
0 6 7 8 4 1 3 5 2
0 6 7 3 8 2 5 4 1
0 6 8 4 1 7 2 3 5
0 6 7 4 2 1 8 5 3
0 7 6 4 1 2 5 8 3
0 7 6 3 2 4 5 1 8
0 6 4 7 8 2 5 1 3
0 7 4 6 1 8 2 3 5
0 7 2 8 5 1 6 3 4
0 8 1 7 3 5 2 6 4
0 6 5 7 4 2 1 3 8
0 6 5 4 7 8 1 3 2
0 7 3 4 8 5 6 1 2
0 7 1 5 6 2 4 8 3
0 6 5 2 7 1 3 4 8
0 7 3 4 5 6 8 2 1
0 7 2 4 3 8 1 6 5
0 7 3 5 4 6 1 2 8
0 7 4 2 1 3 8 6 5
0 7 3 4 5 1 6 2 8
0 7 3 4 1 5 2 8 6
0 3 7 6 8 4 1 5 2
0 3 6 7 4 8 1 5 2
0 4 6 8 5 1 7 2 3
0 3 7 8 4 5 2 6 1
0 3 7 8 5 4 2 1 6
0 3 7 4 6 8 1 5 2
0 4 6 1 7 2 8 3 5
0 4 6 2 7 1 3 8 5
0 3 8 4 6 1 5 2 7
0 3 8 4 1 7 6 5 2
0 4 8 1 2 6 5 7 3
0 4 6 5 1 7 3 2 8
2 3 7 5 4 1 6 8 0
0 5 6 4 1 3 8 2 7
2 3 6 0 5 4 1 7 8
0 3 4 6 7 8 1 5 2
0 3 4 8 6 1 7 5 2
0 3 4 8 6 5 1 7 2
0 3 4 8 6 5 2 1 7
0 3 4 6 2 7 8 5 1
0 4 1 8 3 6 5 7 2
0 4 2 8 1 6 5 3 7
0 3 4 6 2 1 7 8 5
0 3 5 7 2 4 6 1 8
0 3 5 8 4 2 1 6 7
0 3 4 5 8 6 7 2 1
0 4 1 2 6 7 3 8 5
0 3 5 2 6 7 4 1 8
0 4 1 2 6 5 7 8 3
0 3 5 4 8 2 6 1 7
0 4 3 5 6 2 1 7 8
0 4 1 2 3 7 8 6 5
0 4 1 3 5 6 8 2 7
0 4 1 5 2 8 3 6 7
0 3 2 1 5 4 7 8 6
6 7 8 0 3 4 5 2 1
6 8 0 7 4 1 2 3 5
8 6 0 3 7 4 5 2 1
6 7 0 3 4 8 5 2 1
8 6 0 3 4 5 7 2 1
6 7 0 4 3 1 5 8 2
6 7 0 4 5 2 1 3 8
7 0 6 8 3 4 5 2 1
6 0 8 3 7 4 5 2 1
6 0 7 3 4 8 5 2 1
6 0 7 4 1 2 8 3 5
8 0 7 4 2 1 3 6 5
6 0 7 4 1 5 2 3 8
6 0 4 7 8 1 3 2 5
6 0 3 7 4 8 5 2 1
6 0 3 7 5 4 8 2 1
6 0 4 7 2 1 3 8 5
6 0 4 8 5 1 3 2 7
6 0 3 4 8 7 5 2 1
6 0 3 4 7 5 8 2 1
6 0 4 1 8 5 2 7 3
6 0 4 2 7 3 1 5 8
6 0 4 1 2 7 8 5 3
6 0 4 3 1 7 2 8 5
6 0 4 3 1 7 2 5 8
6 0 4 3 5 1 7 8 2
6 0 4 1 2 5 7 3 8
6 0 4 3 5 2 1 8 7
0 6 7 8 4 5 2 3 1
0 6 7 4 8 1 3 2 5
0 6 7 4 2 8 5 1 3
0 6 7 5 4 3 8 1 2
0 7 6 4 1 3 2 8 5
0 7 6 4 2 1 5 3 8
0 7 2 6 8 5 3 1 4
0 7 4 6 2 8 5 1 3
0 7 4 8 1 5 6 2 3
0 7 1 8 5 2 3 6 4
0 7 2 8 1 3 5 4 6
0 8 2 4 6 7 3 5 1
0 7 4 1 6 2 8 3 5
0 7 3 2 8 1 4 6 5
0 7 4 2 8 3 5 1 6
0 7 4 1 2 6 8 3 5
0 8 4 5 3 6 1 7 2
0 7 4 1 2 8 5 3 6
0 7 4 3 1 5 8 6 2
0 7 4 1 5 2 6 3 8
0 7 3 5 4 2 1 6 8
0 3 7 6 8 5 4 2 1
0 3 7 6 4 8 5 2 1
0 4 8 6 1 5 7 2 3
0 3 8 6 2 4 1 7 5
0 3 8 7 4 1 5 2 6
0 4 6 1 7 8 2 5 3
0 4 7 1 6 3 8 5 2
0 4 8 1 6 3 5 7 2
0 4 8 1 6 3 5 2 7
0 4 6 1 2 7 8 3 5
0 4 8 3 1 6 2 7 5
0 4 8 1 2 6 5 3 7
2 4 6 3 1 0 7 8 5
2 1 6 3 0 4 7 5 8
2 4 8 5 0 1 3 7 6
0 3 4 8 6 7 5 2 1
0 3 5 8 6 4 7 2 1
0 4 1 8 6 3 5 7 2
0 4 1 6 8 2 5 3 7
0 4 1 6 2 7 8 3 5
0 4 5 8 1 6 2 7 3
0 5 1 8 3 6 2 4 7
0 3 4 7 5 2 6 8 1
0 4 2 6 5 3 7 1 8
0 4 2 6 1 5 3 7 8
0 4 1 2 6 7 8 5 3
0 4 1 3 6 8 5 7 2
0 4 1 2 6 7 5 3 8
0 4 1 3 8 2 6 7 5
0 4 1 2 6 3 7 5 8
0 4 5 2 6 1 3 7 8
0 4 1 5 2 6 7 8 3
0 4 1 5 2 6 7 3 8
0 4 5 1 2 6 3 7 8
0 4 1 5 2 3 6 7 8
6 7 8 0 4 1 2 5 3
6 7 0 8 4 1 5 2 3
6 7 0 4 8 1 2 5 3
6 7 0 4 1 8 2 5 3
6 7 0 4 1 2 8 5 3
8 7 0 4 5 3 2 6 1
6 7 0 5 1 2 4 3 8
6 0 8 7 4 1 2 5 3
6 0 7 4 8 1 2 5 3
8 0 7 4 1 6 2 5 3
6 0 7 4 1 3 8 5 2
6 0 7 4 3 2 5 8 1
6 0 7 4 2 1 5 3 8
8 0 4 6 7 1 5 3 2
8 0 4 6 1 7 2 5 3
8 0 4 7 2 1 6 3 5
6 0 4 8 5 1 2 7 3
6 0 5 7 3 4 1 2 8
6 0 4 1 7 8 2 5 3
6 0 4 1 7 2 8 5 3
6 0 4 3 8 1 5 7 2
6 0 4 3 8 5 1 2 7
6 0 4 1 5 7 8 3 2
6 1 4 0 3 7 2 8 5
6 0 4 3 5 7 1 2 8
6 1 4 2 3 5 7 8 0
7 0 4 3 1 2 8 5 6
6 0 5 3 1 4 2 7 8
0 6 7 8 5 1 3 2 4
0 8 6 4 7 3 5 1 2
0 8 7 4 3 6 1 5 2
0 7 6 4 1 5 8 2 3
0 8 6 3 4 1 5 7 2
0 8 7 4 5 2 3 1 6
0 7 4 6 8 3 1 5 2
0 8 4 7 5 6 1 3 2
0 7 4 8 2 1 6 5 3
0 7 2 6 3 4 5 8 1
0 7 4 8 1 5 2 3 6
0 7 3 4 6 8 1 2 5
0 7 4 1 8 5 6 2 3
0 8 4 1 7 5 2 6 3
1 6 3 0 7 5 2 4 8
0 7 4 1 5 6 8 2 3
1 6 2 5 3 7 4 8 0
0 7 4 5 1 6 2 3 8
0 7 4 3 5 1 8 6 2
1 6 2 4 3 0 7 5 8
0 7 4 1 5 3 2 8 6
0 4 6 7 8 1 2 5 3
0 4 6 7 1 8 5 3 2
1 4 6 7 3 0 8 5 2
0 4 8 6 1 2 5 7 3
0 4 6 8 2 5 3 1 7
0 4 6 1 7 8 5 3 2
0 4 6 5 7 2 8 1 3
0 5 6 1 7 4 2 8 3
0 4 8 2 6 1 3 5 7
0 4 6 1 3 7 8 5 2
0 5 8 1 4 6 2 7 3
0 5 6 1 3 7 2 4 8
2 4 8 1 5 0 6 7 3
2 3 7 1 5 4 8 0 6
2 5 6 4 3 1 0 7 8
0 4 1 6 7 8 2 5 3
0 4 1 6 7 2 8 5 3
0 4 1 8 6 5 2 7 3
0 4 1 8 7 5 3 2 6
0 4 1 6 3 7 8 5 2
0 5 3 7 4 8 1 6 2
2 1 3 8 0 6 5 4 7
0 4 5 6 1 3 7 8 2
0 4 3 8 2 1 6 5 7
0 4 5 6 1 2 3 7 8
0 4 1 5 8 6 7 3 2
0 4 5 1 6 7 2 8 3
0 4 2 5 6 7 3 1 8
0 4 1 5 6 3 7 8 2
0 4 5 1 6 2 7 3 8
1 5 3 2 8 4 0 7 6
0 4 5 1 2 6 7 8 3
0 4 5 1 2 6 7 3 8
1 2 4 5 0 8 3 7 6
0 4 2 3 5 1 6 8 7
6 7 8 0 4 1 5 3 2
6 8 0 7 4 3 1 5 2
6 7 0 4 8 1 5 3 2
6 7 0 4 1 8 5 3 2
8 6 0 4 1 5 7 3 2
6 7 1 0 3 5 4 8 2
6 7 1 5 3 2 4 0 8
6 0 7 8 4 1 5 3 2
6 0 7 4 8 1 5 3 2
6 0 7 4 1 8 5 3 2
8 0 7 4 3 5 6 2 1
6 0 7 4 3 5 1 8 2
6 1 7 5 3 2 4 0 8
6 0 4 7 8 3 2 5 1
6 0 4 7 1 8 5 3 2
6 0 4 7 5 1 8 2 3
6 0 5 7 1 4 2 8 3
6 1 2 8 5 4 3 0 7
6 0 4 1 7 8 5 3 2
6 0 4 1 8 5 7 3 2
6 0 4 5 7 1 2 8 3
6 0 4 5 7 1 2 3 8
6 0 4 3 1 7 8 2 5
6 1 4 3 2 8 5 7 0
6 1 3 0 5 7 4 2 8
6 2 3 4 1 0 7 8 5
6 1 5 3 4 0 8 2 7
6 1 4 0 3 5 2 7 8
0 7 8 6 4 3 5 2 1
0 6 7 4 8 5 2 1 3
0 6 8 4 5 7 3 1 2
0 7 8 3 5 1 6 4 2
1 6 7 2 4 0 3 8 5
0 7 8 2 5 1 3 4 6
1 7 4 6 8 5 0 2 3
1 7 0 6 5 8 2 3 4
0 7 5 8 4 1 6 2 3
0 7 3 8 4 5 2 6 1
2 6 3 8 4 5 0 1 7
0 7 4 1 6 8 2 3 5
0 7 4 3 8 1 6 5 2
1 6 5 2 7 4 3 8 0
2 7 1 0 6 3 5 4 8
0 7 4 3 1 8 6 5 2
1 6 4 5 0 7 2 8 3
1 6 2 5 3 7 4 0 8
0 7 4 5 2 1 8 6 3
1 6 3 5 2 4 7 0 8
0 7 4 2 1 3 5 8 6
0 4 6 7 8 5 1 2 3
0 4 6 7 2 8 1 3 5
1 4 6 8 3 5 7 2 0
0 4 8 6 3 1 2 7 5
0 4 8 6 1 2 5 3 7
0 4 6 3 7 8 1 2 5
0 4 8 1 6 5 7 2 3
0 5 8 4 6 1 3 7 2
0 5 6 1 7 4 2 3 8
1 4 6 2 3 7 8 0 5
1 3 8 2 4 7 5 6 0
1 2 7 4 0 6 3 5 8
3 0 7 2 4 1 6 8 5
2 3 7 4 1 0 8 5 6
3 0 7 1 4 2 5 6 8
0 4 1 8 6 7 5 3 2
0 4 3 7 6 1 8 2 5
0 4 3 6 7 2 1 8 5
0 4 5 6 7 1 2 3 8
0 4 3 6 5 7 8 2 1
1 2 4 6 0 7 5 8 3
2 4 3 8 1 7 5 0 6
1 3 0 7 4 2 6 8 5
2 3 0 6 5 1 7 4 8
0 5 1 8 4 2 3 6 7
0 4 3 1 8 6 7 2 5
0 5 3 4 6 7 1 8 2
0 4 3 1 6 8 2 5 7
0 4 5 1 6 2 7 8 3
1 4 2 3 6 0 7 5 8
2 1 5 3 7 0 4 6 8
1 3 5 4 2 6 7 8 0
1 2 4 5 0 7 6 3 8
1 4 2 5 3 8 0 6 7
0 4 5 2 1 3 6 7 8
7 6 8 0 4 3 1 2 5
8 7 0 6 4 5 3 1 2
6 7 0 4 8 3 1 2 5
6 7 0 4 3 8 1 2 5
8 6 0 4 3 1 7 2 5
6 7 1 4 2 3 0 8 5
6 8 2 1 5 4 0 3 7
6 0 7 8 4 3 1 2 5
6 0 7 4 8 3 1 2 5
6 0 7 4 3 8 1 2 5
6 0 7 4 5 2 8 1 3
6 0 7 4 5 1 2 8 3
6 2 7 1 3 0 5 4 8
7 0 4 6 8 5 1 2 3
6 0 4 7 3 8 1 2 5
6 0 5 7 1 3 8 4 2
6 1 3 7 5 2 4 8 0
6 1 3 7 0 5 2 4 8
6 0 4 3 7 8 1 2 5
6 0 4 3 7 1 8 2 5
6 1 4 2 8 5 3 7 0
6 1 3 2 8 0 4 5 7
6 2 1 3 0 7 8 4 5
6 1 4 3 5 7 0 8 2
6 1 4 3 2 8 5 0 7
6 3 0 1 2 4 7 8 5
6 2 1 3 0 4 8 5 7
6 2 3 1 4 0 5 7 8
1 6 7 8 5 2 0 3 4
0 7 8 5 6 3 1 4 2
1 7 8 4 0 6 3 5 2
2 6 7 3 0 4 8 5 1
1 6 7 4 0 5 3 8 2
1 7 8 0 3 4 5 2 6
1 8 4 6 7 0 3 5 2
1 7 4 6 0 8 3 5 2
1 7 5 6 2 3 8 4 0
1 6 4 7 3 0 5 8 2
2 7 3 8 0 4 5 1 6
0 7 4 2 6 8 5 1 3
1 6 3 4 7 0 8 2 5
1 8 2 4 7 3 0 6 5
2 7 3 4 8 0 5 1 6
1 7 4 0 3 8 6 5 2
1 7 4 3 0 6 5 8 2
1 8 4 0 3 7 2 5 6
1 7 3 0 4 5 8 6 2
2 6 5 3 1 0 8 4 7
2 8 5 3 1 0 4 6 7
1 5 6 7 8 2 4 3 0
0 4 6 7 5 8 1 2 3
2 1 6 7 3 0 8 4 5
1 3 8 7 0 5 4 6 2
0 4 8 6 5 1 2 3 7
1 4 6 0 7 8 3 2 5
1 3 7 5 6 4 8 2 0
2 1 6 3 7 0 4 8 5
2 1 8 3 7 0 4 5 6
2 1 6 3 0 7 8 4 5
1 4 7 5 0 8 3 6 2
1 4 8 2 3 6 5 0 7
3 0 7 4 1 5 6 8 2
2 3 7 4 5 0 8 1 6
3 0 7 1 4 5 2 8 6
0 4 3 6 7 8 1 2 5
2 1 3 6 7 0 8 4 5
0 4 5 6 7 1 3 8 2
1 4 3 7 8 2 5 0 6
0 4 5 6 1 7 8 2 3
1 4 2 8 3 6 0 7 5
3 0 1 8 4 6 2 5 7
3 0 1 6 2 5 7 8 4
2 3 4 6 5 0 7 1 8
1 5 2 8 4 3 0 6 7
0 4 5 1 6 7 8 3 2
2 3 0 5 6 7 1 8 4
1 4 0 3 6 8 2 5 7
1 4 5 2 6 3 7 8 0
2 1 3 0 7 4 8 5 6
2 3 0 4 6 5 1 7 8
1 4 2 5 3 6 7 8 0
2 4 5 1 3 7 6 0 8
2 3 4 1 5 7 0 8 6
1 3 5 0 4 2 7 6 8
6 7 8 2 1 4 0 3 5
7 6 2 8 1 3 0 5 4
6 7 2 1 8 3 0 4 5
6 7 2 1 3 8 0 4 5
6 7 2 1 3 0 8 4 5
6 7 1 4 5 0 2 8 3
8 6 2 3 5 4 1 0 7
6 2 7 8 1 3 0 4 5
6 2 7 1 8 3 0 4 5
8 2 7 1 3 6 0 4 5
6 1 7 4 0 5 8 2 3
6 2 7 1 5 3 0 8 4
6 2 7 3 0 4 5 1 8
6 1 4 7 8 0 2 5 3
6 2 1 7 3 8 0 4 5
6 2 1 7 3 0 8 4 5
6 1 3 8 5 4 0 7 2
6 1 4 7 3 2 0 5 8
6 2 1 3 7 8 0 4 5
6 2 1 3 7 0 8 4 5
6 2 3 5 7 4 1 8 0
6 1 4 0 8 5 3 2 7
6 3 0 1 4 7 8 2 5
6 2 1 3 0 7 5 8 4
6 2 1 3 0 7 4 5 8
6 3 0 1 5 2 7 8 4
6 3 0 1 4 2 7 5 8
8 3 0 4 2 5 1 7 6
1 6 7 8 5 4 2 0 3
1 6 7 4 8 2 0 3 5
2 6 7 1 3 8 5 0 4
2 7 8 0 5 1 6 3 4
3 6 7 0 1 2 4 8 5
1 7 8 5 3 0 2 4 6
2 6 3 7 8 5 4 0 1
3 6 0 7 1 8 5 2 4
2 7 3 8 5 1 6 4 0
2 6 4 7 1 3 0 8 5
2 8 0 6 3 4 1 5 7
2 7 1 0 8 6 3 4 5
3 6 0 1 7 2 8 4 5
2 7 3 4 6 0 1 8 5
2 7 5 4 6 1 0 3 8
2 6 1 3 0 7 8 5 4
2 7 4 1 3 6 0 8 5
2 7 5 4 1 8 3 0 6
2 6 1 5 3 0 7 8 4
3 6 1 4 0 2 8 5 7
3 6 4 0 5 2 1 7 8
2 1 6 7 8 3 0 4 5
2 1 6 7 3 8 0 4 5
2 1 6 8 3 5 7 0 4
2 1 6 7 3 0 4 8 5
2 1 6 8 3 0 4 5 7
2 1 6 3 7 8 0 4 5
2 3 8 4 7 1 6 5 0
2 3 6 4 8 1 0 7 5
2 4 6 3 7 1 0 5 8
3 0 6 5 1 7 8 4 2
2 1 7 4 0 8 3 6 5
3 0 6 2 5 7 4 1 8
3 0 7 4 5 1 8 6 2
2 3 8 0 4 1 7 5 6
3 0 7 4 1 5 2 8 6
2 1 3 6 8 7 0 4 5
2 4 1 6 7 3 8 5 0
2 1 3 6 7 4 0 8 5
2 1 3 6 7 0 4 5 8
1 4 0 6 5 7 8 2 3
2 4 5 8 1 6 3 7 0
3 0 1 8 4 6 5 2 7
3 0 1 6 5 2 7 8 4
3 0 1 7 4 2 8 5 6
2 3 5 8 1 4 0 7 6
2 1 3 0 6 7 8 4 5
2 3 4 0 8 7 5 6 1
2 4 3 5 6 7 0 1 8
2 1 5 0 6 4 7 8 3
3 0 1 4 6 2 7 5 8
2 5 0 4 6 1 3 8 7
2 1 3 0 4 7 6 8 5
3 0 1 2 4 6 7 5 8
3 0 1 2 5 6 4 7 8
2 3 4 5 1 0 6 7 8
6 7 8 3 0 1 4 2 5
6 7 3 8 0 1 4 2 5
8 6 3 0 7 1 4 2 5
6 7 3 0 1 8 4 2 5
6 7 3 0 1 4 8 2 5
6 7 3 0 2 5 1 8 4
7 8 3 0 1 2 5 4 6
6 3 7 8 0 1 4 2 5
6 3 7 0 8 1 4 2 5
6 3 7 0 1 8 4 2 5
6 3 7 0 1 2 8 5 4
6 3 7 0 1 2 4 8 5
6 3 7 0 1 5 4 2 8
6 3 0 8 7 1 2 4 5
6 3 0 7 1 8 4 2 5
6 3 0 7 1 4 8 2 5
6 3 0 7 5 2 1 8 4
6 3 0 7 1 2 4 5 8
8 3 0 1 6 7 4 2 5
6 3 0 1 8 4 7 2 5
6 3 0 1 8 2 5 7 4
8 3 0 1 6 2 4 5 7
6 3 0 1 4 7 8 5 2
8 3 0 1 4 7 5 6 2
6 3 0 1 4 7 2 5 8
6 3 0 4 1 2 7 8 5
7 3 0 4 2 1 8 5 6
6 3 1 2 5 4 0 7 8
3 6 7 8 0 1 5 2 4
3 6 7 0 8 1 5 2 4
3 6 7 0 1 8 2 5 4
3 6 7 0 1 2 8 5 4
3 6 7 0 2 4 1 8 5
3 6 7 0 2 1 5 4 8
3 6 0 7 8 1 5 2 4
3 6 0 7 2 8 5 4 1
3 6 0 7 1 2 8 4 5
3 6 5 7 0 1 4 8 2
3 6 1 7 4 0 2 5 8
3 6 0 1 7 8 5 4 2
3 6 0 1 7 4 8 5 2
3 6 0 5 7 1 4 8 2
3 6 0 5 7 1 4 2 8
3 6 1 0 2 7 8 4 5
3 6 0 2 5 7 4 8 1
3 6 0 1 2 7 4 5 8
3 6 0 1 2 5 7 8 4
3 7 0 1 2 4 8 5 6
3 6 5 4 0 2 1 7 8
3 0 6 7 8 1 5 2 4
3 0 7 8 1 6 4 2 5
3 0 6 7 4 1 8 5 2
3 0 6 7 1 4 5 8 2
3 0 7 6 2 5 4 1 8
3 0 6 1 7 8 5 2 4
3 0 6 1 7 4 8 2 5
3 0 6 5 7 1 4 8 2
3 0 6 5 7 1 4 2 8
3 0 7 1 4 6 8 5 2
3 0 7 1 2 6 5 8 4
3 0 7 1 2 6 4 5 8
3 4 6 0 2 1 7 8 5
3 0 6 5 2 4 7 1 8
3 1 6 5 4 2 0 7 8
3 0 1 6 8 7 4 2 5
3 0 1 6 7 4 8 5 2
3 0 1 7 6 2 4 8 5
3 0 1 6 7 4 5 2 8
3 0 1 6 2 7 8 4 5
3 0 1 7 2 6 4 8 5
3 0 5 7 1 6 2 4 8
3 0 2 7 4 5 6 8 1
3 0 1 7 5 4 8 2 6
3 0 1 7 4 2 5 6 8
3 0 1 4 6 7 8 5 2
3 0 1 2 8 7 4 6 5
3 0 1 2 7 6 5 4 8
3 0 1 4 8 2 6 7 5
3 0 4 2 8 1 7 5 6
3 0 1 5 7 4 2 6 8
3 0 1 4 2 8 6 7 5
3 0 1 4 5 6 8 2 7
3 0 1 5 4 6 2 7 8
3 0 1 4 2 5 6 8 7
7 6 8 3 0 1 4 5 2
6 8 3 7 0 1 4 5 2
6 8 3 0 7 4 1 5 2
8 6 3 0 1 7 4 5 2
6 7 3 0 1 4 8 5 2
6 7 3 0 4 1 5 8 2
6 7 3 0 1 4 2 5 8
8 3 7 6 0 1 4 5 2
8 3 6 0 7 1 5 4 2
6 3 7 0 1 8 4 5 2
6 3 7 0 1 5 8 4 2
8 3 6 0 1 5 4 7 2
6 3 7 0 5 1 2 4 8
6 3 0 7 8 1 4 5 2
6 3 0 7 1 8 4 5 2
6 3 0 7 1 4 8 5 2
6 3 0 8 5 4 2 7 1
6 3 0 7 5 1 2 4 8
6 3 0 1 7 8 4 5 2
6 3 0 1 7 4 8 5 2
6 3 0 1 8 5 2 7 4
6 3 0 1 7 5 2 4 8
7 3 0 4 1 6 8 5 2
6 3 0 1 5 7 2 8 4
6 3 0 1 4 7 5 2 8
6 3 4 0 1 2 7 8 5
6 3 2 0 1 5 7 4 8
6 4 1 5 3 2 0 7 8
3 6 7 8 0 2 5 4 1
3 6 7 0 8 2 1 5 4
3 7 8 0 1 6 5 4 2
3 6 7 0 2 4 8 1 5
3 6 7 2 4 1 0 8 5
3 6 7 0 4 2 1 5 8
3 6 0 8 7 2 5 4 1
3 6 0 7 4 8 2 5 1
3 6 0 7 1 4 8 5 2
3 6 5 7 4 0 1 8 2
3 6 5 7 0 1 4 2 8
3 6 0 2 7 8 5 1 4
3 6 0 2 7 4 8 1 5
3 6 0 5 7 4 1 8 2
3 6 0 5 7 4 1 2 8
3 8 0 1 4 7 6 5 2
3 6 0 5 1 7 2 8 4
3 6 0 1 5 7 4 2 8
3 6 0 1 5 2 7 8 4
3 7 0 2 4 5 8 1 6
3 7 0 1 2 4 5 6 8
3 0 7 8 6 2 5 4 1
3 0 6 7 1 8 4 5 2
3 0 6 7 4 2 8 1 5
3 0 7 6 4 1 5 8 2
3 0 8 7 4 1 5 2 6
3 0 7 1 6 8 4 5 2
3 0 6 1 7 4 8 5 2
3 0 6 5 7 4 1 8 2
3 0 6 5 7 4 1 2 8
3 0 7 1 4 8 6 2 5
3 0 7 1 4 8 2 6 5
3 0 7 4 1 8 5 2 6
3 4 8 1 5 2 6 7 0
3 0 7 1 4 2 8 5 6
3 4 6 2 0 1 5 7 8
3 0 1 6 7 8 5 4 2
3 0 1 7 8 4 6 2 5
3 0 1 7 8 4 5 6 2
3 0 1 8 7 4 2 5 6
3 0 1 6 5 7 8 2 4
3 0 1 7 4 8 5 6 2
3 2 0 6 1 7 4 5 8
3 0 4 6 1 2 7 8 5
3 0 4 8 2 5 6 1 7
3 0 4 6 1 5 2 7 8
3 0 1 4 8 6 7 2 5
3 0 1 4 8 6 5 7 2
3 0 1 5 6 7 2 4 8
3 0 4 2 6 1 7 8 5
3 0 4 5 6 1 7 2 8
3 0 4 5 7 2 1 6 8
3 0 1 4 5 6 7 8 2
3 0 1 5 2 6 7 4 8
3 0 4 1 2 7 5 6 8
3 0 1 4 5 2 6 8 7
7 6 8 3 0 4 1 5 2
8 7 3 6 0 4 1 2 5
6 7 3 0 8 4 2 1 5
6 7 3 0 4 8 1 5 2
6 7 3 0 4 1 8 5 2
6 7 3 0 5 1 2 8 4
7 6 3 0 1 5 4 2 8
6 3 7 8 0 4 1 5 2
6 3 7 0 8 4 1 5 2
6 3 7 0 4 8 1 5 2
8 3 7 0 2 4 6 1 5
6 3 8 0 2 4 1 7 5
6 3 7 0 5 2 4 1 8
6 3 0 7 8 1 5 2 4
6 3 0 7 4 8 1 5 2
6 3 0 7 4 1 8 5 2
6 3 0 8 5 1 4 7 2
6 3 1 7 5 4 0 2 8
6 3 0 4 7 8 1 5 2
6 3 0 4 7 1 8 5 2
6 3 0 2 8 5 4 7 1
6 3 0 2 7 5 4 1 8
7 3 0 4 2 8 6 1 5
6 3 0 4 2 7 5 8 1
6 3 0 4 1 7 5 2 8
6 3 4 0 5 1 7 8 2
6 3 5 0 1 2 8 4 7
6 4 3 0 1 5 2 7 8
3 6 7 8 0 5 1 2 4
3 6 7 0 8 5 1 2 4
3 6 7 0 4 8 1 2 5
3 6 7 0 2 4 8 5 1
3 6 7 4 1 2 0 8 5
3 7 8 0 1 4 2 5 6
3 6 0 7 8 5 1 2 4
3 7 1 6 4 8 2 0 5
3 6 0 7 2 4 8 1 5
3 7 0 6 1 2 4 8 5
3 6 5 7 0 4 1 2 8
3 6 0 5 7 8 4 2 1
3 6 5 0 7 4 8 1 2
3 6 5 1 7 4 0 8 2
3 7 1 2 6 0 4 5 8
3 7 0 2 4 8 6 1 5
3 6 4 5 2 7 1 8 0
3 6 1 4 0 8 2 5 7
3 6 1 5 0 2 7 8 4
3 7 0 4 1 5 8 2 6
3 7 0 1 5 2 4 8 6
3 0 6 7 8 5 1 4 2
3 0 6 7 4 8 1 5 2
3 0 8 6 1 4 7 5 2
3 0 7 6 4 5 1 8 2
3 0 7 8 4 5 1 2 6
3 0 7 4 8 6 2 1 5
3 0 6 5 7 4 8 1 2
3 0 7 1 8 5 2 6 4
3 0 8 1 7 4 5 2 6
3 0 7 4 2 6 8 1 5
3 0 7 1 5 6 4 8 2
3 0 7 5 4 6 1 2 8
5 0 6 3 1 2 7 8 4
3 0 7 1 4 5 8 2 6
4 0 6 5 2 1 3 7 8
3 0 4 6 7 8 1 5 2
3 0 4 6 7 1 8 5 2
3 0 4 6 7 1 2 8 5
3 0 4 8 6 1 5 2 7
3 0 1 7 4 6 8 5 2
3 0 4 8 1 6 2 7 5
3 4 0 8 1 6 5 2 7
3 4 2 8 0 1 6 7 5
3 0 5 6 1 2 7 4 8
3 0 5 8 4 2 1 6 7
3 0 4 1 6 7 8 5 2
3 0 1 5 6 7 2 8 4
3 0 2 4 6 7 5 1 8
3 0 4 5 6 1 7 8 2
3 2 0 1 7 4 8 5 6
3 0 5 1 8 4 2 6 7
3 0 4 1 5 7 6 8 2
3 0 4 1 5 6 7 2 8
3 0 4 1 5 6 2 7 8
3 0 4 2 5 1 7 6 8
6 7 8 3 0 4 5 1 2
6 7 3 8 0 4 2 5 1
7 6 3 0 8 4 5 1 2
6 7 3 0 4 8 2 1 5
6 7 3 0 4 2 8 1 5
6 7 3 0 5 4 1 8 2
6 7 3 0 4 1 2 5 8
6 3 7 8 0 4 2 1 5
6 3 7 0 8 4 2 1 5
7 3 8 0 4 6 2 1 5
7 3 8 0 4 1 6 2 5
7 3 8 0 4 1 5 6 2
6 3 7 0 5 4 1 2 8
6 3 0 7 8 4 1 2 5
6 3 0 7 4 8 2 1 5
6 3 0 7 4 2 8 1 5
6 3 1 7 0 2 5 8 4
6 3 2 7 0 5 4 1 8
6 3 0 4 7 8 2 1 5
8 3 0 4 7 2 6 1 5
8 3 0 4 7 5 1 6 2
6 3 0 4 7 1 2 5 8
6 3 0 4 5 7 8 1 2
6 3 1 4 0 7 2 8 5
6 3 0 4 2 8 1 5 7
6 4 2 3 5 0 7 8 1
6 4 3 0 2 5 7 1 8
6 4 3 1 5 0 2 7 8
3 8 7 6 0 5 4 1 2
3 6 7 0 8 5 2 4 1
3 6 7 0 4 8 1 5 2
3 6 7 0 5 2 8 4 1
3 8 6 0 1 4 5 7 2
3 7 8 0 4 5 1 2 6
3 6 0 7 8 5 2 4 1
3 6 5 7 1 8 0 4 2
3 6 0 7 4 1 8 2 5
3 7 0 8 1 4 5 6 2
3 6 5 7 4 0 1 2 8
3 6 1 2 7 8 0 5 4
3 7 0 4 6 1 8 5 2
3 7 0 1 8 2 4 6 5
3 6 5 0 7 1 4 2 8
3 7 0 4 1 8 6 2 5
3 6 5 0 1 7 4 8 2
3 6 1 5 0 7 4 2 8
3 7 0 2 5 4 6 8 1
3 7 0 4 5 1 8 2 6
3 7 0 5 1 2 4 6 8
3 0 6 8 7 5 2 1 4
3 0 6 7 4 8 2 1 5
3 0 8 7 4 5 6 2 1
3 0 7 8 1 4 2 6 5
3 1 8 7 0 2 5 4 6
3 0 7 4 8 6 1 5 2
3 2 7 4 8 1 6 0 5
3 0 7 2 8 5 4 6 1
3 0 7 4 8 2 1 5 6
3 0 7 4 5 8 6 1 2
3 0 7 4 1 8 5 6 2
3 1 7 4 2 6 0 5 8
5 0 8 1 4 3 6 7 2
3 0 7 4 5 1 8 2 6
5 3 6 0 4 1 2 7 8
3 0 4 6 7 8 2 1 5
3 0 4 6 7 2 8 1 5
3 0 4 8 6 1 5 7 2
3 0 4 8 6 5 2 1 7
3 0 4 6 2 8 7 1 5
3 4 0 8 1 6 5 7 2
3 4 5 6 0 7 1 2 8
3 4 5 6 0 1 7 8 2
3 2 0 8 1 4 6 5 7
3 2 5 8 0 1 4 6 7
3 0 4 2 6 7 8 1 5
3 0 4 1 6 7 2 8 5
3 0 4 1 8 6 5 2 7
3 1 5 2 6 4 7 8 0
3 4 0 5 6 2 7 1 8
3 2 5 0 7 1 4 6 8
3 0 4 2 1 7 6 8 5
3 1 4 0 2 6 8 5 7
3 1 4 5 2 8 0 7 6
3 0 4 5 2 1 6 7 8
7 8 6 3 1 4 2 0 5
6 7 3 8 0 4 5 1 2
6 8 3 1 7 0 2 5 4
6 7 3 0 4 8 5 1 2
6 7 3 0 5 4 8 1 2
6 7 3 1 0 5 4 8 2
6 7 3 1 5 2 4 0 8
6 3 7 8 0 4 5 1 2
6 3 7 0 8 4 5 1 2
6 3 8 0 4 7 5 1 2
6 3 7 2 5 1 8 4 0
6 3 8 0 5 4 2 7 1
6 3 7 2 0 5 1 4 8
6 3 0 7 8 4 1 5 2
6 3 0 7 4 8 5 1 2
6 3 0 7 4 5 8 1 2
8 3 1 7 0 5 2 6 4
7 3 2 8 5 0 4 1 6
6 3 0 4 7 8 5 1 2
6 3 0 4 8 5 7 1 2
6 3 0 5 7 1 4 8 2
6 3 0 4 7 1 5 2 8
6 3 2 0 1 7 8 4 5
6 3 2 0 1 7 5 8 4
6 3 2 0 1 8 4 5 7
6 4 3 0 2 5 7 8 1
6 5 0 2 3 4 7 1 8
6 5 0 1 2 3 4 8 7
3 6 8 7 5 0 2 4 1
3 6 7 0 8 5 4 1 2
3 7 8 0 4 6 5 2 1
3 7 8 2 4 1 6 0 5
3 7 8 0 4 5 1 6 2
3 7 6 2 4 0 5 1 8
3 7 0 8 6 5 4 1 2
3 6 5 7 4 8 0 1 2
3 6 0 7 4 1 8 5 2
3 7 0 8 1 5 2 6 4
3 7 0 8 1 4 5 2 6
3 7 0 4 6 8 2 5 1
3 7 0 4 8 1 6 2 5
3 7 0 1 8 4 5 6 2
3 6 5 0 7 4 2 1 8
3 7 0 4 2 8 6 5 1
3 7 0 1 2 6 4 8 5
3 7 5 1 0 6 2 4 8
3 7 0 4 2 5 8 6 1
3 7 2 0 4 1 8 5 6
3 7 0 5 2 4 1 8 6
3 0 6 7 8 5 4 2 1
3 0 6 7 4 8 5 1 2
3 1 6 7 0 2 8 4 5
3 0 7 8 5 2 1 6 4
3 2 8 6 5 0 1 4 7
3 0 7 4 8 6 5 1 2
3 0 7 4 8 1 6 5 2
3 0 7 4 6 2 1 8 5
3 0 8 1 6 4 2 5 7
3 2 6 0 1 7 8 5 4
3 0 7 4 5 8 1 6 2
3 4 8 0 1 6 2 5 7
5 4 6 0 1 3 7 8 2
3 0 8 4 2 1 6 5 7
5 3 6 4 0 1 2 7 8
3 0 4 6 7 8 5 1 2
3 0 4 8 6 5 7 1 2
3 0 4 8 6 5 1 7 2
3 2 0 6 7 1 4 5 8
3 0 4 8 1 6 7 5 2
3 4 1 8 0 6 2 7 5
3 5 0 8 1 6 2 4 7
5 0 4 6 1 3 8 7 2
3 4 0 7 2 1 6 5 8
3 4 1 7 5 0 2 8 6
3 0 4 5 6 7 8 1 2
3 0 4 1 8 7 5 6 2
3 0 4 5 6 7 1 2 8
3 4 0 2 8 1 6 7 5
3 4 2 0 6 1 7 5 8
3 4 0 1 8 5 2 6 7
3 0 4 5 1 6 8 7 2
3 1 4 5 2 7 6 0 8
3 4 0 1 5 6 2 8 7
3 2 0 1 4 5 7 8 6
6 7 8 3 4 0 1 2 5
8 6 3 7 2 0 1 4 5
6 7 3 4 8 0 1 2 5
8 6 3 2 0 7 1 4 5
6 7 3 2 0 1 8 4 5
7 8 3 4 0 5 1 6 2
6 7 3 4 0 2 1 5 8
6 3 7 8 2 0 1 4 5
7 3 8 2 6 0 1 4 5
6 3 7 2 0 8 1 4 5
6 3 7 0 5 4 8 1 2
6 3 7 1 4 0 2 8 5
6 3 7 5 0 1 2 4 8
7 3 0 8 6 4 5 1 2
6 3 2 7 0 8 1 4 5
6 3 2 7 0 1 8 4 5
6 3 2 7 0 5 4 8 1
6 3 4 7 0 1 2 5 8
6 3 2 0 7 8 1 4 5
7 3 2 0 6 1 8 4 5
6 3 4 0 8 1 5 7 2
6 3 0 4 7 5 1 2 8
6 3 4 0 1 7 8 5 2
6 3 4 0 2 8 5 7 1
6 3 4 0 1 8 5 2 7
6 5 0 2 3 4 7 8 1
6 5 1 3 0 4 7 2 8
6 5 1 3 2 0 4 7 8
3 6 7 8 5 0 4 1 2
3 6 7 4 8 0 1 5 2
3 6 7 4 0 8 5 1 2
3 7 8 4 0 2 6 1 5
3 8 6 4 0 1 5 7 2
3 7 6 4 0 1 5 2 8
3 7 1 6 8 0 2 4 5
3 7 0 6 1 8 2 5 4
3 6 5 7 0 4 8 1 2
3 7 0 8 4 1 5 6 2
3 7 0 6 4 1 5 2 8
3 7 0 4 8 6 1 2 5
3 7 0 4 8 5 6 1 2
3 7 4 0 6 1 2 8 5
3 7 0 1 6 4 2 5 8
3 7 0 4 5 6 8 1 2
3 7 0 5 4 6 1 8 2
3 7 0 5 4 6 1 2 8
3 7 0 5 4 2 6 8 1
3 7 4 0 1 5 6 2 8
3 7 4 1 0 5 2 8 6
3 1 6 7 8 0 2 4 5
3 2 6 7 0 8 1 4 5
3 1 6 8 0 5 7 2 4
3 4 6 8 2 0 1 7 5
3 4 8 6 0 1 5 2 7
3 1 6 0 7 8 2 4 5
3 4 6 0 7 1 8 2 5
3 1 8 0 7 2 5 6 4
3 4 6 0 8 2 1 5 7
3 4 6 0 2 7 8 5 1
3 1 7 4 2 8 0 6 5
3 4 8 1 0 6 5 2 7
5 4 6 3 0 1 7 8 2
3 2 7 0 1 4 8 5 6
5 4 6 0 1 3 2 7 8
3 1 0 6 7 8 2 5 4
3 2 0 7 8 1 6 4 5
3 2 0 7 6 4 1 8 5
3 4 0 6 7 2 1 5 8
3 4 0 6 1 7 8 2 5
3 4 5 8 1 6 0 7 2
5 0 4 6 2 7 3 1 8
5 1 4 6 3 0 7 8 2
3 4 5 6 0 1 7 2 8
3 4 5 7 2 1 0 6 8
3 2 0 1 6 7 8 4 5
3 0 4 5 6 7 1 8 2
3 0 5 1 6 7 2 4 8
3 4 0 5 6 1 7 8 2
3 4 5 0 6 1 7 2 8
5 0 2 1 6 3 4 7 8
3 2 0 1 4 8 6 7 5
3 4 0 1 2 6 7 5 8
3 4 1 5 0 6 2 8 7
3 2 5 0 1 4 6 8 7
8 6 7 4 3 1 0 5 2
8 6 3 7 4 0 1 5 2
6 7 3 4 8 0 1 5 2
6 7 3 4 0 8 1 5 2
6 7 5 4 0 1 8 3 2
7 8 3 4 1 0 2 6 5
6 7 3 5 0 1 4 2 8
6 3 7 8 4 0 1 5 2
6 3 7 4 8 0 1 5 2
6 3 7 4 0 8 1 5 2
6 3 8 4 0 1 7 2 5
8 3 7 4 0 1 2 6 5
6 3 7 5 4 0 1 2 8
8 3 4 6 7 0 1 2 5
6 3 4 7 0 8 1 5 2
6 3 4 7 0 1 8 5 2
6 3 4 7 0 1 2 8 5
8 3 4 7 0 1 5 2 6
7 3 4 0 6 8 1 5 2
6 3 4 0 7 1 8 5 2
6 3 4 1 8 5 0 7 2
6 3 4 0 7 1 5 2 8
6 3 4 0 2 7 8 1 5
6 3 4 1 0 7 2 8 5
6 3 4 0 2 8 1 5 7
6 5 1 3 0 4 7 8 2
6 5 1 3 4 0 7 2 8
7 0 5 4 2 1 3 6 8
3 6 7 8 5 4 1 2 0
3 7 8 4 6 0 5 1 2
3 6 7 4 1 8 0 2 5
3 6 7 4 1 0 8 5 2
3 7 6 4 5 0 1 8 2
3 7 6 4 0 5 1 2 8
3 7 4 8 6 0 1 2 5
3 7 0 6 4 8 5 1 2
3 6 5 7 4 0 8 1 2
3 7 0 8 4 5 1 6 2
3 7 0 8 1 2 4 5 6
3 7 4 0 8 6 1 2 5
3 7 4 0 6 1 8 5 2
3 7 4 5 8 1 0 6 2
3 8 0 2 7 4 5 1 6
3 7 4 0 1 6 8 2 5
3 7 1 4 0 6 5 8 2
3 7 1 2 4 8 0 5 6
3 7 4 0 1 2 6 8 5
3 7 4 0 5 1 8 2 6
4 6 1 2 5 3 0 8 7
3 4 6 7 8 0 1 2 5
3 4 6 7 0 8 2 1 5
3 4 6 7 0 1 8 2 5
3 4 8 6 0 1 5 7 2
3 4 8 6 0 5 1 2 7
3 4 6 0 7 8 1 5 2
3 4 6 0 8 1 7 5 2
3 4 6 0 7 1 2 8 5
3 4 8 0 6 1 5 2 7
3 4 6 1 0 7 8 2 5
3 4 6 1 0 7 2 8 5
5 4 6 0 3 7 1 2 8
0 1 6 2 3 4 7 8 5
3 5 6 0 1 2 8 4 7
0 1 6 2 3 4 5 7 8
3 4 0 6 7 8 1 2 5
3 4 0 6 7 2 8 1 5
3 4 0 7 8 1 2 6 5
3 4 0 8 6 2 5 1 7
3 4 0 6 1 7 8 5 2
4 2 0 6 3 7 1 8 5
5 2 4 6 3 7 0 1 8
5 4 0 6 2 3 7 8 1
5 2 4 6 3 0 7 1 8
4 5 0 8 2 3 1 6 7
3 4 0 1 6 7 8 5 2
3 4 0 1 8 6 5 7 2
3 4 0 1 8 6 5 2 7
3 4 5 1 6 0 7 8 2
5 0 4 1 6 3 7 2 8
5 2 0 4 7 1 3 8 6
3 4 0 1 5 6 7 8 2
3 4 0 1 5 6 7 2 8
3 4 5 0 1 6 2 7 8
3 4 0 1 5 2 6 8 7
6 7 8 3 4 0 5 1 2
6 7 3 8 4 0 2 1 5
6 7 3 4 8 0 5 1 2
6 7 3 4 0 8 2 1 5
7 6 3 4 0 2 8 1 5
8 7 5 3 0 1 4 6 2
6 7 3 5 0 4 1 2 8
6 3 7 8 4 0 2 1 5
6 3 7 4 8 0 2 1 5
8 3 6 4 2 7 1 0 5
6 3 8 4 0 1 7 5 2
6 3 7 4 0 5 1 8 2
6 3 8 5 0 4 1 2 7
6 3 4 7 8 0 5 1 2
8 3 4 7 0 6 2 1 5
6 3 4 7 0 2 8 1 5
6 3 4 7 0 1 5 8 2
6 3 4 7 5 0 1 2 8
6 3 4 0 7 8 2 1 5
6 3 4 0 7 2 8 1 5
6 3 5 0 8 1 2 7 4
6 3 4 1 8 5 0 2 7
6 5 3 0 4 7 8 1 2
6 3 4 5 0 7 1 8 2
6 5 0 3 4 7 1 2 8
6 5 3 4 0 1 7 8 2
6 5 3 0 4 1 7 2 8
7 3 4 0 1 2 5 6 8
3 6 8 7 0 4 1 5 2
3 6 7 4 8 1 2 0 5
3 7 6 4 1 8 0 5 2
3 7 6 0 4 5 8 1 2
3 7 6 5 1 4 0 8 2
3 7 6 4 5 1 2 0 8
3 7 4 8 6 1 0 5 2
3 7 4 8 0 6 1 2 5
3 7 4 8 0 1 6 2 5
3 7 0 8 5 1 2 6 4
3 7 0 8 4 5 1 2 6
3 7 4 0 8 6 1 5 2
3 7 4 0 8 1 6 2 5
3 8 0 1 6 5 2 7 4
3 7 0 4 6 2 1 5 8
3 7 4 0 5 8 6 1 2
3 8 4 0 5 7 1 6 2
3 7 4 0 1 8 5 2 6
3 7 4 0 1 5 8 6 2
3 7 4 5 2 0 8 1 6
5 7 2 3 4 0 1 8 6
3 4 6 7 8 0 1 5 2
3 4 6 7 0 8 5 1 2
3 4 6 7 0 1 8 5 2
3 4 8 6 5 0 1 7 2
3 4 8 6 5 0 2 1 7
3 4 7 0 6 8 5 1 2
3 4 8 0 6 5 7 1 2
3 4 8 0 6 5 1 7 2
3 4 8 0 6 5 1 2 7
5 4 6 0 3 7 8 1 2
3 4 7 5 1 6 0 8 2
5 4 6 3 0 7 2 1 8
0 1 6 2 3 4 7 8 5
5 4 6 0 2 3 7 1 8
0 1 6 2 3 4 5 7 8
3 4 0 6 7 8 1 5 2
3 4 1 6 7 0 8 5 2
3 4 0 8 6 1 5 7 2
3 4 0 8 6 5 1 2 7
3 4 1 6 5 7 8 2 0
5 0 3 6 1 7 4 8 2
5 4 0 6 3 7 2 1 8
5 4 1 6 3 0 7 8 2
5 4 0 6 1 3 7 2 8
5 0 1 6 4 3 2 7 8
3 4 0 2 6 7 8 1 5
3 4 0 5 6 7 2 8 1
3 4 0 5 6 7 1 2 8
5 0 2 1 6 4 7 8 3
5 4 0 1 6 3 7 2 8
5 3 2 4 6 1 0 8 7
3 4 1 5 0 6 7 8 2
3 4 0 5 1 6 7 2 8
5 4 0 1 2 6 3 8 7
3 4 0 2 1 5 6 8 7
6 7 8 3 4 5 0 1 2
6 7 3 8 4 0 5 1 2
6 7 3 4 8 5 0 1 2
7 6 3 4 0 8 5 1 2
6 7 3 5 0 4 8 1 2
6 7 3 5 4 1 2 8 0
6 7 3 5 4 0 1 2 8
6 3 7 8 4 0 5 1 2
6 3 7 4 8 0 5 1 2
8 3 6 4 0 7 5 1 2
6 3 8 5 1 4 7 2 0
6 3 7 5 0 1 4 8 2
6 5 7 0 1 2 3 4 8
8 3 4 6 7 1 2 5 0
6 3 4 7 0 8 5 1 2
6 3 4 7 0 5 8 1 2
6 3 4 7 5 0 1 8 2
7 3 5 6 0 4 2 1 8
6 3 4 0 7 8 5 1 2
6 3 4 0 8 5 7 1 2
6 4 2 5 8 0 1 7 3
6 5 3 4 7 0 1 2 8
6 5 3 4 0 7 8 1 2
6 4 3 0 5 7 1 8 2
6 5 3 0 4 7 1 2 8
8 0 4 5 1 3 6 7 2
6 5 3 4 0 1 7 2 8
6 0 1 2 3 4 5 7 8
3 7 8 6 0 1 2 5 4
3 6 7 4 8 5 0 1 2
3 8 6 4 5 7 0 1 2
3 7 6 4 0 5 8 1 2
3 7 8 0 4 1 5 6 2
3 7 8 1 0 4 5 2 6
3 7 4 8 6 1 5 0 2
3 7 4 8 0 6 5 1 2
3 7 4 8 1 0 6 5 2
3 7 4 6 1 0 2 8 5
3 7 4 8 0 1 2 5 6
3 7 4 0 8 6 5 1 2
3 7 4 5 8 1 6 0 2
4 7 3 0 8 1 5 6 2
3 7 4 0 8 1 2 5 6
3 7 4 1 0 8 6 5 2
3 7 4 1 0 8 2 6 5
3 7 4 0 5 8 1 2 6
3 7 4 0 5 1 6 8 2
3 8 4 0 1 2 6 5 7
5 7 4 0 1 2 3 8 6
3 4 6 7 8 1 5 0 2
3 4 8 6 1 7 0 5 2
3 4 8 7 0 5 6 1 2
5 4 6 7 0 3 1 8 2
3 5 8 6 0 1 2 4 7
3 4 6 1 7 8 0 2 5
5 4 6 3 7 0 8 1 2
3 5 6 0 8 1 4 7 2
5 0 6 2 7 1 4 3 8
5 4 6 3 0 7 8 1 2
3 4 8 0 1 6 5 7 2
3 4 6 1 5 7 2 0 8
0 1 6 2 3 4 7 8 5
5 4 6 2 3 0 7 1 8
0 1 6 2 3 4 5 7 8
3 4 0 8 6 7 5 1 2
3 4 5 6 7 0 8 1 2
3 4 0 8 6 5 1 7 2
3 4 5 6 7 0 1 2 8
3 4 5 6 0 7 8 1 2
5 0 4 6 3 7 1 8 2
0 1 2 6 3 7 4 5 8
0 1 2 8 3 4 7 6 5
5 4 1 6 3 0 7 2 8
5 4 1 6 2 0 3 8 7
3 4 0 5 8 6 7 1 2
3 4 5 0 6 7 1 8 2
3 4 1 0 6 8 2 5 7
5 4 0 2 6 3 7 8 1
4 3 5 1 6 0 7 2 8
5 4 0 1 6 2 3 8 7
3 4 2 0 1 8 6 7 5
3 4 5 1 0 6 7 2 8
0 1 2 3 4 6 5 7 8
3 4 0 5 1 2 6 8 7
7 6 8 0 1 2 3 4 5
6 7 3 8 4 5 0 1 2
7 6 4 0 8 1 5 3 2
6 8 3 5 4 7 0 1 2
8 7 3 5 4 0 6 1 2
6 7 4 0 1 2 5 8 3
6 7 5 0 4 3 1 2 8
8 3 6 7 4 5 0 1 2
6 3 7 4 8 5 0 1 2
6 3 7 5 4 8 0 1 2
6 3 7 5 4 0 8 1 2
6 3 7 5 4 0 1 8 2
6 5 7 3 0 2 4 1 8
6 3 4 8 7 5 0 1 2
6 3 4 7 5 8 0 1 2
6 3 4 8 5 0 7 1 2
6 4 3 8 2 5 0 7 1
6 4 2 7 0 5 1 3 8
6 5 3 4 7 8 0 1 2
6 5 3 4 7 0 8 1 2
6 5 3 4 7 1 2 8 0
6 5 4 0 7 1 2 3 8
6 0 4 1 5 7 8 3 2
7 5 0 3 4 6 2 8 1
6 5 3 4 0 7 1 2 8
6 0 1 2 3 4 7 8 5
6 0 1 2 3 4 7 5 8
6 0 1 2 3 4 5 7 8
3 7 8 6 4 1 2 0 5
3 8 6 0 7 2 5 4 1
4 7 8 0 5 6 2 1 3
3 7 6 4 5 0 8 1 2
0 6 7 1 2 3 4 8 5
4 7 8 3 0 1 2 5 6
3 7 4 8 6 5 1 2 0
0 6 1 7 2 8 3 4 5
4 7 0 8 3 5 6 1 2
3 7 4 8 0 5 1 6 2
3 8 2 6 0 4 1 5 7
3 7 4 5 8 6 1 2 0
0 6 1 2 7 3 8 4 5
0 6 1 2 7 3 4 8 5
3 7 4 5 8 1 2 0 6
3 7 4 5 0 8 6 1 2
4 7 0 2 3 6 1 8 5
3 7 4 5 1 8 0 2 6
3 7 4 5 1 0 8 6 2
0 6 1 2 3 4 7 5 8
0 6 1 2 3 4 5 8 7
3 4 6 7 8 5 0 1 2
3 4 8 6 5 7 0 1 2
3 4 8 6 5 0 7 1 2
3 0 6 7 1 4 5 8 2
0 1 6 7 2 3 4 5 8
5 4 6 3 7 8 0 1 2
0 1 6 2 7 3 8 4 5
5 4 6 3 7 0 1 8 2
5 4 6 3 7 0 1 2 8
0 1 6 2 3 7 8 4 5
5 4 6 0 3 7 1 8 2
0 1 6 2 3 8 4 5 7
0 1 6 2 3 4 7 8 5
5 4 6 3 0 1 7 2 8
3 0 6 5 4 1 2 7 8
3 4 5 6 7 8 0 1 2
3 5 0 8 6 4 7 1 2
3 4 5 6 7 0 1 8 2
4 2 3 8 7 0 1 5 6
5 0 4 6 3 7 8 1 2
5 4 0 6 3 7 2 8 1
3 2 1 6 4 8 5 0 7
1 3 4 6 5 2 7 8 0
0 1 2 6 3 4 7 5 8
5 2 0 6 1 4 3 7 8
3 4 5 0 6 7 8 1 2
3 5 0 1 6 7 2 8 4
3 4 5 0 6 7 2 1 8
0 1 2 3 8 4 7 6 5
0 1 2 3 6 4 7 5 8
5 4 3 0 8 2 1 6 7
3 4 5 0 1 6 7 8 2
0 1 2 3 4 6 7 5 8
1 4 3 2 5 6 0 7 8
4 5 3 0 1 2 6 7 8
