[0, 1, 2, 3, 4]
[0, 2, 3, 4, 1]
[1, 2, 4, 0, 3]
[1, 4, 0, 3, 2]
[2, 3, 1, 0, 4]
[2, 4, 3, 1, 0]
[3, 0, 1, 4, 2]
[3, 1, 4, 2, 0]
[4, 0, 2, 1, 3]
[4, 3, 0, 2, 1]
^ 0 ^, ^^^^^^^^^^^^^^^^
[0, 1, 2, 3, 4]
[0, 2, 4, 3, 1]
[1, 2, 3, 0, 4]
[1, 4, 0, 2, 3]
[2, 3, 1, 4, 0]
[2, 4, 3, 0, 1]
[3, 0, 1, 4, 2]
[3, 1, 4, 2, 0]
[4, 0, 2, 1, 3]
[4, 3, 0, 1, 2]
^ 1 ^, ^^^^^^^^^^^^^^^^
[0, 1, 2, 3, 4]
[0, 2, 3, 4, 1]
[1, 2, 4, 0, 3]
[1, 4, 0, 3, 2]
[2, 3, 4, 1, 0]
[2, 4, 1, 0, 3]
[3, 0, 2, 4, 1]
[3, 1, 0, 2, 4]
[4, 0, 3, 1, 2]
[4, 3, 1, 2, 0]
^ 2 ^, ^^^^^^^^^^^^^^^^
[0, 1, 2, 3, 4]
[0, 2, 4, 3, 1]
[1, 4, 0, 2, 3]
[1, 4, 3, 0, 2]
[2, 1, 4, 0, 3]
[2, 3, 1, 4, 0]
[3, 0, 1, 2, 4]
[3, 0, 2, 4, 1]
[4, 2, 3, 1, 0]
[4, 3, 0, 1, 2]
^ 3 ^, ^^^^^^^^^^^^^^^^
[0, 1, 2, 3, 4]
[0, 4, 3, 1, 2]
[1, 3, 2, 4, 0]
[1, 4, 0, 2, 3]
[2, 0, 3, 4, 1]
[2, 1, 4, 0, 3]
[3, 0, 1, 2, 4]
[3, 2, 4, 1, 0]
[4, 2, 0, 3, 1]
[4, 3, 1, 0, 2]
^ 4 ^, ^^^^^^^^^^^^^^^^
[0, 1, 2, 3, 4]
[0, 4, 1, 2, 3]
[1, 2, 4, 0, 3]
[1, 3, 2, 4, 0]
[2, 0, 3, 4, 1]
[2, 3, 4, 1, 0]
[3, 1, 0, 2, 4]
[3, 4, 1, 0, 2]
[4, 0, 3, 1, 2]
[4, 2, 0, 3, 1]
^ 5 ^, ^^^^^^^^^^^^^^^^
[0, 1, 2, 3, 4]
[0, 4, 1, 3, 2]
[1, 3, 4, 2, 0]
[1, 4, 2, 0, 3]
[2, 0, 3, 4, 1]
[2, 1, 4, 0, 3]
[3, 0, 1, 2, 4]
[3, 2, 0, 4, 1]
[4, 2, 3, 1, 0]
[4, 3, 0, 1, 2]
^ 6 ^, ^^^^^^^^^^^^^^^^
[0, 1, 2, 3, 4]
[0, 4, 1, 3, 2]
[1, 2, 4, 0, 3]
[1, 3, 4, 2, 0]
[2, 0, 3, 4, 1]
[2, 3, 1, 0, 4]
[3, 1, 0, 4, 2]
[3, 4, 0, 2, 1]
[4, 0, 2, 1, 3]
[4, 2, 3, 1, 0]
^ 7 ^, ^^^^^^^^^^^^^^^^
[0, 1, 2, 3, 4]
[0, 4, 1, 2, 3]
[1, 2, 4, 0, 3]
[1, 3, 4, 2, 0]
[2, 0, 3, 4, 1]
[2, 4, 1, 3, 0]
[3, 1, 0, 4, 2]
[3, 2, 0, 1, 4]
[4, 0, 3, 1, 2]
[4, 3, 2, 0, 1]
^ 8 ^, ^^^^^^^^^^^^^^^^
[0, 1, 2, 3, 4]
[0, 4, 1, 3, 2]
[1, 2, 4, 0, 3]
[1, 3, 4, 2, 0]
[2, 0, 3, 4, 1]
[2, 4, 1, 0, 3]
[3, 1, 0, 2, 4]
[3, 2, 0, 4, 1]
[4, 0, 3, 1, 2]
[4, 3, 2, 1, 0]
^ 9 ^, ^^^^^^^^^^^^^^^^
[0, 1, 2, 3, 4]
[0, 3, 4, 2, 1]
[1, 2, 3, 0, 4]
[1, 4, 0, 2, 3]
[2, 0, 3, 4, 1]
[2, 4, 1, 3, 0]
[3, 1, 0, 4, 2]
[3, 2, 4, 1, 0]
[4, 0, 2, 1, 3]
[4, 3, 1, 0, 2]
^ 10 , ^^^^^^^^^^^^^^^^^
[0, 1, 2, 3, 4]
[0, 2, 3, 4, 1]
[1, 4, 0, 3, 2]
[1, 4, 2, 0, 3]
[2, 1, 3, 0, 4]
[2, 3, 4, 1, 0]
[3, 0, 1, 4, 2]
[3, 0, 4, 2, 1]
[4, 2, 0, 1, 3]
[4, 3, 1, 2, 0]
^ 11 , ^^^^^^^^^^^^^^^^^
[0, 1, 2, 3, 4]
[0, 2, 4, 3, 1]
[1, 4, 0, 2, 3]
[1, 4, 3, 0, 2]
[2, 1, 3, 0, 4]
[2, 3, 1, 4, 0]
[3, 0, 1, 4, 2]
[3, 0, 4, 2, 1]
[4, 2, 0, 1, 3]
[4, 3, 2, 1, 0]
^ 12 , ^^^^^^^^^^^^^^^^^
[0, 1, 2, 3, 4]
[0, 4, 1, 2, 3]
[1, 2, 4, 0, 3]
[1, 3, 2, 4, 0]
[2, 0, 4, 3, 1]
[2, 4, 3, 1, 0]
[3, 0, 1, 4, 2]
[3, 2, 0, 1, 4]
[4, 1, 3, 0, 2]
[4, 3, 0, 2, 1]
^ 13 , ^^^^^^^^^^^^^^^^^
[0, 1, 2, 3, 4]
[0, 4, 3, 1, 2]
[1, 3, 2, 4, 0]
[1, 4, 0, 2, 3]
[2, 0, 4, 3, 1]
[2, 1, 3, 0, 4]
[3, 0, 1, 4, 2]
[3, 2, 4, 0, 1]
[4, 2, 0, 1, 3]
[4, 3, 1, 2, 0]
^ 14 , ^^^^^^^^^^^^^^^^^
[0, 1, 2, 3, 4]
[0, 3, 4, 2, 1]
[1, 2, 3, 0, 4]
[1, 4, 0, 2, 3]
[2, 0, 4, 3, 1]
[2, 3, 1, 4, 0]
[3, 0, 1, 4, 2]
[3, 4, 2, 1, 0]
[4, 1, 3, 0, 2]
[4, 2, 0, 1, 3]
^ 15 , ^^^^^^^^^^^^^^^^^