
-A-   -B-   -C-
012   345   678

Group Elements
 - ABC  e    (identity)
 - BCA  f    (cycle shift left once)
 - CAB  f^2  (cycle shift left twice)

P(n, d) = (n choose k) * P(n-k, d)

# P(6, 3)
5 3 4 0 2 1
4 3 2 5 1 0
4 5 0 2 3 1
5 3 0 2 1 4
4 0 3 5 1 2
3 0 4 2 5 1
3 0 5 2 1 4
3 0 2 5 4 1
3 0 2 4 1 5
5 1 0 2 4 3
1 5 4 3 0 2
2 5 3 0 4 1
1 4 3 2 0 5
0 5 2 3 4 1
1 3 0 4 2 5
0 3 2 1 5 4
0 2 3 4 5 1
0 2 3 5 1 4
0 2 5 1 3 4
1 0 2 3 5 4

# Step one: binomial expansion
5 3 4 0 2 1 6 7 8
  - 5 3 4 0 2 1 6 7 8
  - 5 3 4 0 2 1 8 7 6
  - 5 3 4 0 2 1 7 6 8
  - ...
  - (216 total members of this clique)

p   = 5 3 4 0 2 1 6 7 8
pf  = 0 2 1 6 7 8 5 3 4
pff = 6 7 8 5 3 4 0 2 1

4 3 2 5 1 0 6 7 8

q   = 4 3 2 5 1 0 6 7 8
qf  = 5 1 0 6 7 8 4 3 2 
qff = 6 7 8 4 3 2 5 1 0

Chebyshev Calculations:
  - p q
  - p qf
  - p qff

pf  = 0 2 1 6 7 8 5 3 4
q   = 4 3 2 5 1 0 6 7 8

p   = 5 3 4 0 2 1 6 7 8
qff = 6 7 8 4 3 2 5 1 0

4 5 0 2 3 1 6 7 8
5 3 0 2 1 4 6 7 8
4 0 3 5 1 2 6 7 8
3 0 4 2 5 1 6 7 8
3 0 5 2 1 4 6 7 8
3 0 2 5 4 1 6 7 8
3 0 2 4 1 5 6 7 8
5 1 0 2 4 3 6 7 8
1 5 4 3 0 2 6 7 8
2 5 3 0 4 1 6 7 8
1 4 3 2 0 5 6 7 8
0 5 2 3 4 1 6 7 8
1 3 0 4 2 5 6 7 8
0 3 2 1 5 4 6 7 8
0 2 3 4 5 1 6 7 8
0 2 3 5 1 4 6 7 8
0 2 5 1 3 4 6 7 8
1 0 2 3 5 4 6 7 8

5 3 4 0 2 6 1 7 8
4 3 2 5 1 6 0 7 8
4 5 0 2 3 6 1 7 8
5 3 0 2 1 6 4 7 8
4 0 3 5 1 6 2 7 8
3 0 4 2 5 6 1 7 8
3 0 5 2 1 6 4 7 8
3 0 2 5 4 6 1 7 8
3 0 2 4 1 6 5 7 8
5 1 0 2 4 6 3 7 8
1 5 4 3 0 6 2 7 8
2 5 3 0 4 6 1 7 8
1 4 3 2 0 6 5 7 8
0 5 2 3 4 6 1 7 8
1 3 0 4 2 6 5 7 8
0 3 2 1 5 6 4 7 8
0 2 3 4 5 6 1 7 8
0 2 3 5 1 6 4 7 8
0 2 5 1 3 6 4 7 8
1 0 2 3 5 6 4 7 8

5 3 4 6 7 8 0 2 1
4 3 2 6 7 8 5 1 0
4 5 0 6 7 8 2 3 1
5 3 0 6 7 8 2 1 4
4 0 3 6 7 8 5 1 2
3 0 4 6 7 8 2 5 1
3 0 5 6 7 8 2 1 4
3 0 2 6 7 8 5 4 1
3 0 2 6 7 8 4 1 5
5 1 0 6 7 8 2 4 3
1 5 4 6 7 8 3 0 2
2 5 3 6 7 8 0 4 1
1 4 3 6 7 8 2 0 5
0 5 2 6 7 8 3 4 1
1 3 0 6 7 8 4 2 5
0 3 2 6 7 8 1 5 4
0 2 3 6 7 8 4 5 1
0 2 3 6 7 8 5 1 4
0 2 5 6 7 8 1 3 4
1 0 2 6 7 8 3 5 4













p   = 1 3 5 0 2 4 6 7 8
pf  = 0 2 4 6 7 8 1 3 5
pff = 6 7 8 1 3 5 0 2 4

p   = 2 3 4 0 5 1 6 7 8
pf  = 0 5 1 6 7 8 2 3 4
pff = 6 7 8 2 3 4 0 5 1

4 3 2 5 1 0 6 7 8

q   = 4 3 2 5 1 0 6 7 8
qf  = 5 1 0 6 7 8 4 3 2 
qff = 6 7 8 4 3 2 5 1 0

Chebyshev Calculations:
  - p q
  - p qf
  - p qff

pf  = 0 2 1 6 7 8 5 3 4
q   = 4 3 2 5 1 0 6 7 8

p   = 5 3 4 0 2 1 6 7 8
qff = 6 7 8 4 3 2 5 1 0














# Pathological example:
# This one isn't separated from pf or pff
p   = 0 3 6 1 4 7 2 5 8

